#!/usr/bin/env -S gnuplot -p
set datafile separator comma

$CSVData << EOF
"y","savannah","grassland","tundra","plains","prairie","desert","swamp","marsh","arctic"
"1","0.000000","0.000000","0.000000","0.000000","0.000000","0.000000","0.000000","0.000000","1.000000"
"2","0.000000","0.015144","0.068393","0.274548","0.123596","0.000000","0.000000","0.002931","0.515388"
"3","0.000000","0.028361","0.167017","0.555672","0.244048","0.000000","0.000000","0.004902","0.000000"
"4","0.000000","0.031076","0.184064","0.544754","0.236919","0.000000","0.000000","0.003187","0.000000"
"5","0.000000","0.027577","0.195666","0.535128","0.236594","0.000000","0.000000","0.005034","0.000000"
"6","0.000000","0.030183","0.220134","0.509669","0.234050","0.000000","0.000000","0.005964","0.000000"
"7","0.000000","0.032107","0.222168","0.508874","0.230881","0.000000","0.000000","0.005970","0.000000"
"8","0.000000","0.032922","0.237708","0.502103","0.220015","0.000000","0.000000","0.007252","0.000000"
"9","0.000000","0.035185","0.246958","0.486243","0.225397","0.000000","0.000000","0.006217","0.000000"
"10","0.000000","0.035509","0.236684","0.491613","0.227868","0.000000","0.000000","0.008326","0.000000"
"11","0.000000","0.042376","0.241403","0.474818","0.231215","0.000000","0.000000","0.010189","0.000000"
"12","0.000000","0.046942","0.229218","0.478490","0.236276","0.000000","0.000000","0.009075","0.000000"
"13","0.000000","0.067332","0.212633","0.468692","0.239500","0.000110","0.000000","0.011734","0.000000"
"14","0.000000","0.075659","0.203632","0.448768","0.257026","0.001297","0.000000","0.013619","0.000000"
"15","0.000000","0.085179","0.191760","0.435634","0.265918","0.007491","0.000000","0.014018","0.000000"
"16","0.000000","0.090766","0.162390","0.425642","0.279028","0.022087","0.000000","0.020088","0.000000"
"17","0.000000","0.095059","0.125314","0.409443","0.297634","0.049623","0.000000","0.022927","0.000000"
"18","0.000000","0.109912","0.111469","0.373845","0.292268","0.085106","0.000000","0.027400","0.000000"
"19","0.000000","0.127885","0.093879","0.337490","0.299361","0.110573","0.000000","0.030812","0.000000"
"20","0.000000","0.134734","0.072848","0.305430","0.320594","0.130943","0.000000","0.035451","0.000000"
"21","0.000000","0.178773","0.042106","0.281938","0.315951","0.133798","0.000000","0.047434","0.000000"
"22","0.000000","0.189440","0.030739","0.244179","0.333231","0.138583","0.000000","0.063828","0.000000"
"23","0.000000","0.211100","0.022097","0.221686","0.330113","0.144090","0.000000","0.070915","0.000000"
"24","0.000000","0.235203","0.014642","0.191998","0.335739","0.144257","0.000000","0.078160","0.000000"
"25","0.006032","0.251898","0.009360","0.155798","0.319605","0.158086","0.009256","0.089964","0.000000"
"26","0.080228","0.246082","0.004255","0.112299","0.280851","0.152569","0.038194","0.085522","0.000000"
"27","0.152834","0.224136","0.002505","0.069005","0.238334","0.160873","0.081428","0.070884","0.000000"
"28","0.217469","0.211506","0.001255","0.039854","0.186297","0.166632","0.107218","0.069770","0.000000"
"29","0.262266","0.189856","0.000930","0.028819","0.148332","0.175498","0.127053","0.067245","0.000000"
"30","0.311324","0.178226","0.000312","0.017261","0.115317","0.169907","0.146927","0.060726","0.000000"
"31","0.370549","0.164643","0.000103","0.011216","0.085409","0.158675","0.153838","0.055567","0.000000"
"32","0.421183","0.155986","0.000000","0.007933","0.064496","0.130229","0.167628","0.052545","0.000000"
"33","0.459802","0.149870","0.000000","0.006032","0.054914","0.089548","0.190224","0.049610","0.000000"
"34","0.509659","0.141359","0.000000","0.003324","0.051413","0.037703","0.208039","0.048504","0.000000"
"35","0.534516","0.147086","0.000000","0.001115","0.044805","0.013381","0.212063","0.047035","0.000000"
"36","0.538099","0.141934","0.000000","0.001743","0.046047","0.014255","0.211568","0.046354","0.000000"
"37","0.511042","0.142208","0.000000","0.002890","0.049432","0.040144","0.205986","0.048297","0.000000"
"38","0.460821","0.151183","0.000000","0.002970","0.054287","0.095667","0.183550","0.051521","0.000000"
"39","0.416116","0.158816","0.000102","0.007020","0.065927","0.139180","0.162478","0.050361","0.000000"
"40","0.368061","0.163071","0.000307","0.011757","0.086188","0.155812","0.163378","0.051426","0.000000"
"41","0.313750","0.181790","0.000410","0.017328","0.109710","0.174510","0.142520","0.059982","0.000000"
"42","0.266028","0.196106","0.000408","0.028030","0.139028","0.173785","0.127408","0.069208","0.000000"
"43","0.206015","0.218489","0.001107","0.044664","0.184388","0.166482","0.100594","0.078262","0.000000"
"44","0.145750","0.231355","0.002005","0.076383","0.233260","0.157879","0.080293","0.073075","0.000000"
"45","0.077001","0.247373","0.004749","0.107720","0.282639","0.155113","0.040926","0.084479","0.000000"
"46","0.006047","0.254484","0.007379","0.153223","0.327560","0.155478","0.007994","0.087834","0.000000"
"47","0.000000","0.233542","0.014744","0.189720","0.341149","0.144978","0.000000","0.075868","0.000000"
"48","0.000000","0.203191","0.020998","0.219866","0.342460","0.139990","0.000000","0.073495","0.000000"
"49","0.000000","0.179900","0.031179","0.247558","0.340054","0.133652","0.000000","0.067657","0.000000"
"50","0.000000","0.163789","0.042105","0.289158","0.330000","0.129789","0.000000","0.045158","0.000000"
"51","0.000000","0.138235","0.070273","0.310399","0.315126","0.124370","0.000000","0.041597","0.000000"
"52","0.000000","0.123103","0.093374","0.330681","0.306919","0.113786","0.000000","0.032137","0.000000"
"53","0.000000","0.114570","0.115193","0.369137","0.292653","0.079805","0.000000","0.028643","0.000000"
"54","0.000000","0.096879","0.132488","0.404273","0.292627","0.049016","0.000000","0.024717","0.000000"
"55","0.000000","0.086323","0.169755","0.431295","0.267966","0.024098","0.000000","0.020563","0.000000"
"56","0.000000","0.085733","0.184622","0.441820","0.264639","0.005608","0.000000","0.017578","0.000000"
"57","0.000000","0.072697","0.194846","0.456579","0.259539","0.001096","0.000000","0.015241","0.000000"
"58","0.000000","0.068973","0.209564","0.466395","0.243940","0.000000","0.000000","0.011128","0.000000"
"59","0.000000","0.042973","0.238343","0.465057","0.241555","0.000000","0.000000","0.012072","0.000000"
"60","0.000000","0.044492","0.243179","0.474697","0.229707","0.000000","0.000000","0.007925","0.000000"
"61","0.000000","0.037526","0.238244","0.490155","0.225041","0.000000","0.000000","0.009034","0.000000"
"62","0.000000","0.035314","0.246716","0.486441","0.224057","0.000000","0.000000","0.007473","0.000000"
"63","0.000000","0.032876","0.239325","0.498551","0.223958","0.000000","0.000000","0.005290","0.000000"
"64","0.000000","0.030462","0.227120","0.507346","0.229411","0.000000","0.000000","0.005661","0.000000"
"65","0.000000","0.031497","0.207091","0.521607","0.233719","0.000000","0.000000","0.006086","0.000000"
"66","0.000000","0.028586","0.208593","0.524775","0.232328","0.000000","0.000000","0.005717","0.000000"
"67","0.000000","0.028895","0.177208","0.540715","0.247929","0.000000","0.000000","0.005254","0.000000"
"68","0.000000","0.025806","0.168774","0.559742","0.239226","0.000000","0.000000","0.006452","0.000000"
"69","0.000000","0.018358","0.074099","0.281375","0.136515","0.000000","0.000000","0.002336","0.487316"
"70","0.000000","0.000000","0.000000","0.000000","0.000000","0.000000","0.000000","0.000000","1.000000"
EOF

set title "Biome Density (generated) (bbmm) [500]"
set key outside right
set grid
set xlabel "Map Row (Y)"
set ylabel "Density"
set key autotitle columnhead
set xrange [1:70]
set yrange [0:0.7]
plot for [col=2:*] $CSVData using 1:col with lines lw 2
