#!/usr/bin/env -S gnuplot -p
set datafile separator comma

$CSVData << EOF
"y","savannah","grassland","tundra","plains","prairie","desert","swamp","marsh","arctic"
"1","0.000000","0.000000","0.000000","0.000000","0.000000","0.000000","0.000000","0.000000","1.000000"
"2","0.000000","0.014158","0.063943","0.283974","0.132413","0.000000","0.000000","0.002553","0.502959"
"3","0.000000","0.032188","0.141255","0.570265","0.251855","0.000000","0.000000","0.004437","0.000000"
"4","0.000000","0.032124","0.168496","0.550388","0.244279","0.000000","0.000000","0.004713","0.000000"
"5","0.000000","0.031063","0.183446","0.549529","0.230649","0.000000","0.000000","0.005312","0.000000"
"6","0.000000","0.028881","0.202169","0.538889","0.224465","0.000000","0.000000","0.005595","0.000000"
"7","0.000000","0.033788","0.216029","0.522045","0.222064","0.000000","0.000000","0.006073","0.000000"
"8","0.000000","0.034325","0.222183","0.520606","0.216175","0.000000","0.000000","0.006710","0.000000"
"9","0.000000","0.035692","0.222741","0.514842","0.220031","0.000000","0.000000","0.006694","0.000000"
"10","0.000000","0.040022","0.221585","0.504144","0.226145","0.000000","0.000000","0.008103","0.000000"
"11","0.000000","0.045131","0.225092","0.494870","0.224588","0.000000","0.000000","0.010319","0.000000"
"12","0.000000","0.049861","0.214026","0.491637","0.234640","0.000000","0.000000","0.009835","0.000000"
"13","0.000000","0.055264","0.200165","0.482152","0.247998","0.000165","0.000000","0.014256","0.000000"
"14","0.000000","0.066520","0.187364","0.469621","0.260021","0.001265","0.000000","0.015210","0.000000"
"15","0.000000","0.073030","0.169552","0.460741","0.272439","0.006366","0.000000","0.017871","0.000000"
"16","0.000000","0.086447","0.145655","0.436388","0.284711","0.024714","0.000000","0.022085","0.000000"
"17","0.000000","0.095524","0.120567","0.408811","0.294459","0.054447","0.000000","0.026192","0.000000"
"18","0.000000","0.108512","0.094815","0.372190","0.301001","0.093905","0.000000","0.029578","0.000000"
"19","0.000000","0.127788","0.073658","0.340271","0.298696","0.124649","0.000000","0.034938","0.000000"
"20","0.000000","0.142202","0.059670","0.300616","0.311158","0.145089","0.000000","0.041266","0.000000"
"21","0.000000","0.166197","0.040191","0.272159","0.316938","0.154509","0.000000","0.050008","0.000000"
"22","0.000000","0.191693","0.028724","0.235510","0.328653","0.157510","0.000000","0.057910","0.000000"
"23","0.000000","0.219458","0.019509","0.203830","0.333093","0.158463","0.000000","0.065647","0.000000"
"24","0.000000","0.246084","0.013343","0.169958","0.333308","0.163631","0.000000","0.073677","0.000000"
"25","0.006674","0.265221","0.008470","0.135472","0.315400","0.172305","0.009779","0.086679","0.000000"
"26","0.081237","0.256365","0.004090","0.096115","0.267076","0.166616","0.044657","0.083845","0.000000"
"27","0.158182","0.240719","0.001856","0.064814","0.216563","0.168379","0.073510","0.075976","0.000000"
"28","0.214791","0.221387","0.001171","0.040722","0.175292","0.170682","0.103346","0.072607","0.000000"
"29","0.273639","0.199673","0.000281","0.026509","0.136424","0.169694","0.125096","0.068684","0.000000"
"30","0.318817","0.180178","0.000178","0.015577","0.105780","0.174171","0.145562","0.059737","0.000000"
"31","0.360359","0.168828","0.000076","0.010141","0.082885","0.160114","0.160802","0.056794","0.000000"
"32","0.405895","0.155143","0.000000","0.006496","0.064299","0.133158","0.182071","0.052937","0.000000"
"33","0.454313","0.150596","0.000000","0.004440","0.052997","0.086448","0.198081","0.053124","0.000000"
"34","0.493645","0.149768","0.000026","0.002131","0.045832","0.044804","0.213726","0.050068","0.000000"
"35","0.527104","0.149122","0.000000","0.001110","0.035338","0.013655","0.220780","0.052891","0.000000"
"36","0.523899","0.150025","0.000000","0.001316","0.037919","0.014007","0.220781","0.052055","0.000000"
"37","0.496664","0.152912","0.000000","0.002002","0.042905","0.040390","0.216705","0.048422","0.000000"
"38","0.452852","0.150848","0.000000","0.003669","0.054833","0.089421","0.198419","0.049958","0.000000"
"39","0.405128","0.156324","0.000051","0.005706","0.067683","0.128202","0.181248","0.055656","0.000000"
"40","0.363265","0.169760","0.000128","0.010499","0.080323","0.157310","0.161725","0.056989","0.000000"
"41","0.320402","0.185224","0.000205","0.015804","0.103314","0.174765","0.139116","0.061170","0.000000"
"42","0.269729","0.201083","0.000434","0.025369","0.136627","0.172700","0.126485","0.067573","0.000000"
"43","0.218051","0.220947","0.000897","0.040540","0.170976","0.169874","0.105630","0.073085","0.000000"
"44","0.154960","0.240242","0.001836","0.061495","0.217959","0.167759","0.075899","0.079851","0.000000"
"45","0.080523","0.259593","0.005387","0.094845","0.269269","0.165258","0.044065","0.081059","0.000000"
"46","0.006500","0.265936","0.008650","0.138138","0.315454","0.170996","0.008701","0.085626","0.000000"
"47","0.000000","0.245531","0.012857","0.171311","0.330328","0.162116","0.000000","0.077857","0.000000"
"48","0.000000","0.213633","0.019710","0.206133","0.335117","0.161057","0.000000","0.064351","0.000000"
"49","0.000000","0.187364","0.028869","0.236492","0.332320","0.158496","0.000000","0.056460","0.000000"
"50","0.000000","0.164335","0.043112","0.270399","0.320811","0.153042","0.000000","0.048301","0.000000"
"51","0.000000","0.140240","0.056494","0.305894","0.312886","0.143327","0.000000","0.041158","0.000000"
"52","0.000000","0.124382","0.076774","0.335320","0.306358","0.122752","0.000000","0.034413","0.000000"
"53","0.000000","0.106317","0.097300","0.374401","0.298395","0.092613","0.000000","0.030973","0.000000"
"54","0.000000","0.095574","0.122643","0.406312","0.293085","0.056960","0.000000","0.025427","0.000000"
"55","0.000000","0.086692","0.145123","0.436631","0.285862","0.023259","0.000000","0.022434","0.000000"
"56","0.000000","0.073487","0.171027","0.457419","0.272398","0.006932","0.000000","0.018737","0.000000"
"57","0.000000","0.063589","0.185285","0.473012","0.260448","0.001695","0.000000","0.015970","0.000000"
"58","0.000000","0.054998","0.203877","0.480085","0.248033","0.000189","0.000000","0.012817","0.000000"
"59","0.000000","0.049345","0.213845","0.491531","0.234644","0.000000","0.000000","0.010635","0.000000"
"60","0.000000","0.044530","0.225136","0.494059","0.227335","0.000000","0.000000","0.008940","0.000000"
"61","0.000000","0.041306","0.228562","0.499911","0.222166","0.000000","0.000000","0.008054","0.000000"
"62","0.000000","0.038352","0.225344","0.509806","0.219825","0.000000","0.000000","0.006673","0.000000"
"63","0.000000","0.034228","0.217300","0.520736","0.222119","0.000000","0.000000","0.005616","0.000000"
"64","0.000000","0.032963","0.209093","0.532819","0.220513","0.000000","0.000000","0.004611","0.000000"
"65","0.000000","0.032236","0.204349","0.530754","0.227174","0.000000","0.000000","0.005486","0.000000"
"66","0.000000","0.031837","0.188404","0.543208","0.232094","0.000000","0.000000","0.004456","0.000000"
"67","0.000000","0.031504","0.170986","0.557394","0.235538","0.000000","0.000000","0.004577","0.000000"
"68","0.000000","0.029546","0.153993","0.560905","0.251863","0.000000","0.000000","0.003693","0.000000"
"69","0.000000","0.015846","0.062447","0.288550","0.132561","0.000000","0.000000","0.001704","0.498892"
"70","0.000000","0.000000","0.000000","0.000000","0.000000","0.000000","0.000000","0.000000","1.000000"
EOF

set title "Biome Density (generated) (bbmm) [2000]"
set key outside right
set grid
set xlabel "Map Row (Y)"
set ylabel "Density"
set key autotitle columnhead
set xrange [1:70]
set yrange [0:0.7]
plot for [col=2:*] $CSVData using 1:col with lines lw 2
