#!/usr/bin/env -S gnuplot -p
set datafile separator comma

$CSVData << EOF
"y","savannah","grassland","tundra","plains","prairie","desert","swamp","marsh","arctic"
"1","0.000000","0.000000","0.000000","0.000000","0.000000","0.000000","0.000000","0.000000","1.000000"
"2","0.000000","0.015488","0.062360","0.289179","0.131852","0.000000","0.000000","0.002038","0.499083"
"3","0.000000","0.031171","0.149860","0.561876","0.253364","0.000000","0.000000","0.003730","0.000000"
"4","0.000000","0.030833","0.166924","0.553837","0.243862","0.000000","0.000000","0.004543","0.000000"
"5","0.000000","0.029899","0.188910","0.546497","0.229824","0.000000","0.000000","0.004871","0.000000"
"6","0.000000","0.032513","0.201214","0.537289","0.224303","0.000000","0.000000","0.004681","0.000000"
"7","0.000000","0.033914","0.215133","0.526021","0.219978","0.000000","0.000000","0.004954","0.000000"
"8","0.000000","0.034355","0.216880","0.523199","0.218895","0.000000","0.000000","0.006670","0.000000"
"9","0.000000","0.036485","0.227889","0.506212","0.221612","0.000000","0.000000","0.007803","0.000000"
"10","0.000000","0.040248","0.222140","0.508136","0.221034","0.000000","0.000000","0.008443","0.000000"
"11","0.000000","0.046272","0.218679","0.494878","0.230237","0.000000","0.000000","0.009935","0.000000"
"12","0.000000","0.048392","0.216312","0.488535","0.235966","0.000000","0.000000","0.010795","0.000000"
"13","0.000000","0.057159","0.199262","0.483142","0.246943","0.000072","0.000000","0.013422","0.000000"
"14","0.000000","0.064615","0.188211","0.467798","0.261981","0.001232","0.000000","0.016163","0.000000"
"15","0.000000","0.076257","0.169663","0.455781","0.271868","0.007557","0.000000","0.018874","0.000000"
"16","0.000000","0.087889","0.145381","0.433862","0.286473","0.024780","0.000000","0.021615","0.000000"
"17","0.000000","0.097483","0.120750","0.410490","0.288236","0.057333","0.000000","0.025708","0.000000"
"18","0.000000","0.105824","0.096321","0.369590","0.303533","0.096123","0.000000","0.028608","0.000000"
"19","0.000000","0.126255","0.072999","0.331451","0.311576","0.123943","0.000000","0.033776","0.000000"
"20","0.000000","0.141927","0.058348","0.305812","0.311408","0.141076","0.000000","0.041429","0.000000"
"21","0.000000","0.162577","0.044108","0.268729","0.319992","0.154442","0.000000","0.050152","0.000000"
"22","0.000000","0.192838","0.030543","0.235971","0.329333","0.154382","0.000000","0.056933","0.000000"
"23","0.000000","0.220587","0.018886","0.203442","0.334822","0.157032","0.000000","0.065230","0.000000"
"24","0.000000","0.242742","0.012914","0.170328","0.331274","0.165653","0.000000","0.077089","0.000000"
"25","0.006294","0.269046","0.008567","0.138296","0.313398","0.168611","0.009391","0.086398","0.000000"
"26","0.082936","0.258917","0.004641","0.097554","0.267601","0.163319","0.042529","0.082505","0.000000"
"27","0.153155","0.243605","0.001963","0.062140","0.215994","0.166229","0.077875","0.079039","0.000000"
"28","0.217125","0.222761","0.001186","0.039846","0.171248","0.170490","0.103124","0.074221","0.000000"
"29","0.276383","0.198010","0.000524","0.025001","0.134592","0.172224","0.125364","0.067901","0.000000"
"30","0.315712","0.186831","0.000130","0.015784","0.106151","0.168667","0.146132","0.060592","0.000000"
"31","0.360571","0.164656","0.000065","0.010733","0.084144","0.162646","0.160311","0.056874","0.000000"
"32","0.408992","0.159520","0.000065","0.007217","0.066058","0.131790","0.173304","0.053054","0.000000"
"33","0.455247","0.151803","0.000000","0.003714","0.054479","0.085563","0.197159","0.052035","0.000000"
"34","0.495919","0.148180","0.000000","0.001876","0.043118","0.042920","0.215094","0.052893","0.000000"
"35","0.524052","0.152537","0.000000","0.001454","0.036639","0.013579","0.222281","0.049458","0.000000"
"36","0.521035","0.151161","0.000000","0.000796","0.036065","0.014466","0.227140","0.049336","0.000000"
"37","0.494899","0.153894","0.000000","0.002476","0.041404","0.043484","0.214052","0.049790","0.000000"
"38","0.455201","0.153516","0.000000","0.004086","0.052689","0.088402","0.194213","0.051892","0.000000"
"39","0.407372","0.160098","0.000033","0.005734","0.066824","0.126189","0.180052","0.053698","0.000000"
"40","0.357955","0.170157","0.000132","0.008688","0.083047","0.158562","0.164079","0.057380","0.000000"
"41","0.318347","0.182751","0.000230","0.016888","0.105591","0.169831","0.145171","0.061190","0.000000"
"42","0.269945","0.202639","0.000557","0.025403","0.136937","0.172488","0.124268","0.067764","0.000000"
"43","0.218525","0.225403","0.000983","0.040351","0.176340","0.166612","0.099633","0.072154","0.000000"
"44","0.154961","0.240774","0.001935","0.062588","0.218763","0.168640","0.074528","0.077809","0.000000"
"45","0.083527","0.255460","0.003765","0.094856","0.267542","0.168986","0.043483","0.082381","0.000000"
"46","0.005367","0.271444","0.007852","0.136037","0.312593","0.172581","0.009873","0.084253","0.000000"
"47","0.000000","0.239466","0.012228","0.172874","0.332860","0.168148","0.000000","0.074424","0.000000"
"48","0.000000","0.215681","0.019902","0.203226","0.335760","0.158413","0.000000","0.067018","0.000000"
"49","0.000000","0.185652","0.031691","0.237450","0.331691","0.155925","0.000000","0.057590","0.000000"
"50","0.000000","0.166340","0.041394","0.266523","0.319568","0.158108","0.000000","0.048066","0.000000"
"51","0.000000","0.141078","0.055528","0.303641","0.313165","0.144241","0.000000","0.042346","0.000000"
"52","0.000000","0.125037","0.071983","0.336434","0.306632","0.126642","0.000000","0.033273","0.000000"
"53","0.000000","0.111915","0.094258","0.378792","0.293794","0.091105","0.000000","0.030136","0.000000"
"54","0.000000","0.097639","0.123479","0.403259","0.292584","0.056435","0.000000","0.026605","0.000000"
"55","0.000000","0.086352","0.147655","0.436595","0.283637","0.024248","0.000000","0.021513","0.000000"
"56","0.000000","0.075843","0.166949","0.461129","0.271318","0.007293","0.000000","0.017468","0.000000"
"57","0.000000","0.063032","0.189166","0.470639","0.260232","0.001241","0.000000","0.015689","0.000000"
"58","0.000000","0.057200","0.198783","0.481878","0.248671","0.000105","0.000000","0.013364","0.000000"
"59","0.000000","0.049345","0.212739","0.491512","0.235829","0.000000","0.000000","0.010574","0.000000"
"60","0.000000","0.044941","0.219154","0.494204","0.231459","0.000000","0.000000","0.010241","0.000000"
"61","0.000000","0.041141","0.224536","0.501035","0.224614","0.000000","0.000000","0.008674","0.000000"
"62","0.000000","0.039149","0.225895","0.507875","0.220168","0.000000","0.000000","0.006913","0.000000"
"63","0.000000","0.035871","0.218246","0.520479","0.218548","0.000000","0.000000","0.006855","0.000000"
"64","0.000000","0.033010","0.218450","0.524298","0.218732","0.000000","0.000000","0.005510","0.000000"
"65","0.000000","0.031676","0.193443","0.543786","0.225066","0.000000","0.000000","0.006029","0.000000"
"66","0.000000","0.031908","0.185726","0.546218","0.230849","0.000000","0.000000","0.005298","0.000000"
"67","0.000000","0.031407","0.172776","0.554543","0.237193","0.000000","0.000000","0.004081","0.000000"
"68","0.000000","0.030010","0.146276","0.574427","0.244776","0.000000","0.000000","0.004511","0.000000"
"69","0.000000","0.015425","0.064357","0.287900","0.124036","0.000000","0.000000","0.001644","0.506638"
"70","0.000000","0.000000","0.000000","0.000000","0.000000","0.000000","0.000000","0.000000","1.000000"
EOF

set title "Biome Density (generated) (mmmm) [2000]"
set key outside right
set grid
set xlabel "Map Row (Y)"
set ylabel "Density"
set key autotitle columnhead
set xrange [1:70]
set yrange [0:0.7]
plot for [col=2:*] $CSVData using 1:col with lines lw 2
