#!/usr/bin/env -S gnuplot -p
set datafile separator comma

$CSVData << EOF
"y","savannah","grassland","tundra","plains","prairie","desert","swamp","marsh","arctic"
"1","0.000000","0.000000","0.000000","0.000000","0.000000","0.000000","0.000000","0.000000","1.000000"
"2","0.000000","0.011774","0.061224","0.274725","0.135008","0.000000","0.000000","0.001570","0.515699"
"3","0.000000","0.034890","0.148794","0.531555","0.280144","0.000000","0.000000","0.004618","0.000000"
"4","0.000000","0.026755","0.145405","0.553703","0.269097","0.000000","0.000000","0.005041","0.000000"
"5","0.000000","0.029304","0.152015","0.547924","0.267705","0.000000","0.000000","0.003053","0.000000"
"6","0.000000","0.029825","0.170677","0.528571","0.265664","0.000000","0.000000","0.005263","0.000000"
"7","0.000000","0.032683","0.181239","0.528226","0.254244","0.000000","0.000000","0.003608","0.000000"
"8","0.000000","0.033609","0.187632","0.520069","0.254081","0.000000","0.000000","0.004609","0.000000"
"9","0.000000","0.034519","0.195725","0.510251","0.253198","0.000000","0.000000","0.006308","0.000000"
"10","0.000000","0.038659","0.199240","0.497109","0.256732","0.000000","0.000000","0.008260","0.000000"
"11","0.000000","0.039396","0.200872","0.502180","0.248209","0.000000","0.000000","0.009343","0.000000"
"12","0.000000","0.045360","0.194230","0.490184","0.260113","0.000000","0.000000","0.010113","0.000000"
"13","0.000000","0.080017","0.167532","0.497549","0.240340","0.000433","0.000000","0.014129","0.000000"
"14","0.000000","0.081868","0.165283","0.492896","0.244338","0.000985","0.000000","0.014629","0.000000"
"15","0.000000","0.093567","0.159426","0.472013","0.251740","0.005848","0.000000","0.017405","0.000000"
"16","0.000000","0.100628","0.136078","0.467132","0.255408","0.021633","0.000000","0.019121","0.000000"
"17","0.000000","0.099565","0.110704","0.438468","0.282939","0.043059","0.000000","0.025265","0.000000"
"18","0.000000","0.119038","0.100392","0.405486","0.280097","0.072017","0.000000","0.022970","0.000000"
"19","0.000000","0.128037","0.078371","0.369559","0.280507","0.113885","0.000000","0.029640","0.000000"
"20","0.000000","0.134378","0.063869","0.349754","0.290931","0.122826","0.000000","0.038242","0.000000"
"21","0.000000","0.170249","0.041277","0.321377","0.297112","0.125016","0.000000","0.044969","0.000000"
"22","0.000000","0.177282","0.025212","0.295515","0.311438","0.130175","0.000000","0.060377","0.000000"
"23","0.000000","0.200211","0.020680","0.261459","0.307297","0.142650","0.000000","0.067703","0.000000"
"24","0.000000","0.220846","0.013704","0.229147","0.314139","0.142970","0.000000","0.079194","0.000000"
"25","0.005459","0.247004","0.006924","0.193342","0.298269","0.160320","0.008123","0.080559","0.000000"
"26","0.076984","0.238202","0.004218","0.135645","0.259821","0.159636","0.041392","0.084102","0.000000"
"27","0.151630","0.226005","0.002881","0.100039","0.213566","0.153332","0.080267","0.072280","0.000000"
"28","0.211102","0.217097","0.001173","0.058118","0.169273","0.165885","0.114412","0.062940","0.000000"
"29","0.276036","0.180440","0.000130","0.034585","0.134197","0.180052","0.137306","0.057254","0.000000"
"30","0.320114","0.182147","0.000000","0.023124","0.105671","0.165741","0.145847","0.057357","0.000000"
"31","0.365753","0.160813","0.000000","0.012736","0.077834","0.167374","0.161070","0.054419","0.000000"
"32","0.409463","0.151826","0.000000","0.007409","0.062264","0.136098","0.179384","0.053555","0.000000"
"33","0.461305","0.143837","0.000132","0.004351","0.058009","0.088200","0.197759","0.046407","0.000000"
"34","0.513617","0.142517","0.000000","0.002776","0.044024","0.046272","0.208620","0.042173","0.000000"
"35","0.544331","0.144623","0.000000","0.001994","0.035092","0.012229","0.219992","0.041739","0.000000"
"36","0.551345","0.143766","0.000000","0.001590","0.037498","0.012985","0.210547","0.042268","0.000000"
"37","0.511099","0.138110","0.000000","0.003988","0.045328","0.045461","0.210288","0.045726","0.000000"
"38","0.451068","0.146338","0.000000","0.003668","0.052928","0.095637","0.197694","0.052666","0.000000"
"39","0.411096","0.150198","0.000000","0.006869","0.066843","0.137781","0.174637","0.052576","0.000000"
"40","0.360086","0.159042","0.000000","0.013242","0.081728","0.162520","0.170278","0.053103","0.000000"
"41","0.316639","0.175561","0.000000","0.023810","0.101533","0.174056","0.148741","0.059661","0.000000"
"42","0.274002","0.191203","0.000545","0.035680","0.136593","0.172954","0.128013","0.061010","0.000000"
"43","0.210873","0.213430","0.001211","0.056789","0.166465","0.168214","0.112502","0.070515","0.000000"
"44","0.147789","0.228695","0.002832","0.094660","0.214806","0.155879","0.082524","0.072816","0.000000"
"45","0.088512","0.238230","0.004708","0.139494","0.248453","0.157520","0.039548","0.083535","0.000000"
"46","0.005559","0.247253","0.008206","0.195632","0.300728","0.155129","0.007677","0.079815","0.000000"
"47","0.000000","0.225067","0.013600","0.233867","0.302000","0.147867","0.000000","0.077600","0.000000"
"48","0.000000","0.213677","0.016376","0.262413","0.301978","0.138609","0.000000","0.066946","0.000000"
"49","0.000000","0.177943","0.030941","0.294646","0.309539","0.131853","0.000000","0.055078","0.000000"
"50","0.000000","0.163676","0.036143","0.322447","0.310701","0.123919","0.000000","0.043113","0.000000"
"51","0.000000","0.136369","0.066770","0.346584","0.289721","0.124534","0.000000","0.036022","0.000000"
"52","0.000000","0.128524","0.085597","0.378780","0.278831","0.099692","0.000000","0.028575","0.000000"
"53","0.000000","0.118426","0.103623","0.399169","0.278146","0.072978","0.000000","0.027659","0.000000"
"54","0.000000","0.106783","0.109963","0.429253","0.285109","0.045972","0.000000","0.022920","0.000000"
"55","0.000000","0.101631","0.145895","0.448917","0.266381","0.020594","0.000000","0.016582","0.000000"
"56","0.000000","0.097148","0.159157","0.464379","0.257958","0.007165","0.000000","0.014193","0.000000"
"57","0.000000","0.086435","0.168872","0.481941","0.247588","0.001103","0.000000","0.014061","0.000000"
"58","0.000000","0.083263","0.178040","0.481887","0.243471","0.000000","0.000000","0.013339","0.000000"
"59","0.000000","0.045800","0.202956","0.490050","0.252853","0.000000","0.000000","0.008341","0.000000"
"60","0.000000","0.041896","0.196330","0.504128","0.247859","0.000000","0.000000","0.009786","0.000000"
"61","0.000000","0.034637","0.195371","0.501995","0.260176","0.000000","0.000000","0.007821","0.000000"
"62","0.000000","0.033023","0.189839","0.519898","0.252837","0.000000","0.000000","0.004403","0.000000"
"63","0.000000","0.035156","0.189276","0.516513","0.253374","0.000000","0.000000","0.005682","0.000000"
"64","0.000000","0.032226","0.173191","0.539937","0.249110","0.000000","0.000000","0.005536","0.000000"
"65","0.000000","0.030717","0.175561","0.535650","0.254709","0.000000","0.000000","0.003363","0.000000"
"66","0.000000","0.031730","0.157114","0.526356","0.279939","0.000000","0.000000","0.004862","0.000000"
"67","0.000000","0.029279","0.142167","0.542107","0.282523","0.000000","0.000000","0.003924","0.000000"
"68","0.000000","0.028658","0.140649","0.550528","0.274133","0.000000","0.000000","0.006033","0.000000"
"69","0.000000","0.013472","0.062176","0.279793","0.127979","0.000000","0.000000","0.002591","0.513990"
"70","0.000000","0.000000","0.000000","0.000000","0.000000","0.000000","0.000000","0.000000","1.000000"
EOF

set title "Biome Density (generated) (mmmm) [500]"
set key outside right
set grid
set xlabel "Map Row (Y)"
set ylabel "Density"
set key autotitle columnhead
set xrange [1:70]
set yrange [0:0.7]
plot for [col=2:*] $CSVData using 1:col with lines lw 2
