#!/usr/bin/env -S gnuplot -p
set datafile separator comma

$CSVData << EOF
"x","savannah","grassland","tundra","plains","prairie","desert","swamp","marsh","arctic"
"1","-nan","-nan","-nan","-nan","-nan","-nan","-nan","-nan","-nan"
"2","0.000000","0.000000","0.000000","0.000000","0.000000","0.000000","0.000000","0.000000","1.000000"
"3","0.074679","0.127638","0.003930","0.082127","0.140463","0.054199","0.048821","0.052338","0.415805"
"4","0.106083","0.182929","0.008780","0.107802","0.193791","0.080196","0.068972","0.065351","0.186097"
"5","0.120302","0.197686","0.013127","0.115267","0.211772","0.080561","0.070011","0.066595","0.124678"
"6","0.125816","0.203367","0.017949","0.130325","0.214059","0.082746","0.068705","0.067889","0.089145"
"7","0.126501","0.205056","0.020711","0.138039","0.217760","0.082243","0.069319","0.072660","0.067711"
"8","0.127545","0.200559","0.024198","0.146869","0.227058","0.079298","0.070416","0.070688","0.053369"
"9","0.126693","0.198988","0.026822","0.151079","0.229317","0.079961","0.068829","0.071034","0.047279"
"10","0.129656","0.195071","0.030273","0.156405","0.228924","0.078165","0.070094","0.069015","0.042398"
"11","0.128433","0.193589","0.033048","0.160009","0.233627","0.076545","0.068758","0.066771","0.039222"
"12","0.131598","0.187854","0.035553","0.168819","0.228800","0.077537","0.067211","0.065340","0.037288"
"13","0.131743","0.181403","0.037940","0.170617","0.231734","0.079252","0.067615","0.062197","0.037498"
"14","0.132856","0.176295","0.040093","0.176825","0.228482","0.078048","0.069878","0.061065","0.036459"
"15","0.132769","0.175175","0.041629","0.183437","0.227540","0.077359","0.068383","0.057408","0.036300"
"16","0.132365","0.174480","0.043009","0.182615","0.229996","0.079450","0.066535","0.055469","0.036081"
"17","0.134977","0.172205","0.044487","0.185645","0.229181","0.078314","0.064905","0.054384","0.035902"
"18","0.140590","0.166125","0.046019","0.187122","0.227593","0.078097","0.064187","0.054054","0.036212"
"19","0.137548","0.164629","0.046126","0.192065","0.226998","0.078381","0.066834","0.052793","0.034626"
"20","0.138070","0.161474","0.048673","0.193485","0.226412","0.078559","0.064862","0.053397","0.035068"
"21","0.138439","0.159215","0.049159","0.195037","0.224746","0.079631","0.066232","0.052040","0.035501"
"22","0.140324","0.158374","0.049236","0.196167","0.224623","0.079080","0.065242","0.052532","0.034421"
"23","0.140549","0.157727","0.049999","0.197623","0.226396","0.079229","0.063526","0.049315","0.035635"
"24","0.138438","0.158222","0.050898","0.197304","0.226327","0.080179","0.063698","0.048989","0.035946"
"25","0.139012","0.157607","0.052071","0.198539","0.224514","0.080152","0.064104","0.048737","0.035265"
"26","0.139192","0.156184","0.052483","0.201206","0.226008","0.076250","0.063186","0.049194","0.036298"
"27","0.137182","0.155131","0.050733","0.203300","0.227339","0.078588","0.063493","0.048581","0.035654"
"28","0.136540","0.153596","0.053565","0.202626","0.228218","0.077630","0.063933","0.048588","0.035303"
"29","0.137886","0.151732","0.052615","0.203903","0.227798","0.078302","0.061529","0.050486","0.035750"
"30","0.134944","0.154099","0.053999","0.205904","0.227114","0.077249","0.062940","0.047803","0.035948"
"31","0.133111","0.155424","0.054535","0.206396","0.225879","0.079096","0.061555","0.048449","0.035556"
"32","0.134037","0.152173","0.053721","0.205407","0.229932","0.078368","0.061450","0.048685","0.036225"
"33","0.133247","0.158096","0.053565","0.205502","0.227355","0.076626","0.061741","0.049056","0.034813"
"34","0.133294","0.156496","0.052451","0.203453","0.228446","0.079541","0.062415","0.048303","0.035600"
"35","0.135810","0.156626","0.050755","0.203095","0.229574","0.075719","0.063826","0.048459","0.036137"
"36","0.134343","0.158844","0.049568","0.203059","0.230466","0.075874","0.063302","0.048360","0.036186"
"37","0.137780","0.156048","0.051290","0.203825","0.226924","0.075631","0.062793","0.049572","0.036136"
"38","0.137850","0.156528","0.049940","0.200914","0.233884","0.073064","0.062602","0.048355","0.036863"
"39","0.132686","0.161248","0.050334","0.199623","0.231997","0.073403","0.064515","0.050349","0.035845"
"40","0.135496","0.159566","0.048202","0.201055","0.231684","0.071252","0.063687","0.052441","0.036616"
"41","0.135403","0.161720","0.047632","0.195095","0.235092","0.071534","0.064211","0.053366","0.035946"
"42","0.137328","0.163931","0.045467","0.196983","0.234823","0.069417","0.062716","0.052593","0.036741"
"43","0.134490","0.164340","0.044750","0.193267","0.236793","0.067142","0.065694","0.056757","0.036767"
"44","0.133287","0.167859","0.044070","0.190570","0.238893","0.064843","0.068020","0.055947","0.036511"
"45","0.129928","0.171053","0.042990","0.190817","0.236278","0.060855","0.070098","0.059712","0.038268"
"46","0.128058","0.171461","0.040080","0.185049","0.247617","0.056186","0.072537","0.059631","0.039381"
"47","0.122701","0.174246","0.037595","0.181591","0.249399","0.051693","0.078316","0.063201","0.041258"
"48","0.116414","0.178675","0.031069","0.180803","0.251900","0.045378","0.082406","0.068969","0.044385"
"49","0.109124","0.178756","0.027730","0.175095","0.258639","0.037650","0.090299","0.071025","0.051681"
"50","0.097689","0.182893","0.019195","0.168753","0.270564","0.027649","0.097840","0.071093","0.064324"
"51","0.075994","0.178198","0.013190","0.161476","0.272062","0.017190","0.116884","0.074845","0.090163"
"52","0.048327","0.172749","0.004931","0.141112","0.270465","0.005311","0.130187","0.071618","0.155299"
"53","0.021367","0.111699","0.002962","0.108737","0.188280","0.000000","0.094352","0.054792","0.417813"
"54","0.000000","0.000000","0.000000","0.000000","0.000000","0.000000","0.000000","0.000000","1.000000"
"55","0.000000","0.000000","0.000000","0.000000","0.000000","0.000000","0.000000","0.000000","1.000000"
"56","-nan","-nan","-nan","-nan","-nan","-nan","-nan","-nan","-nan"
EOF

set title "Terrain Column Distribution (empirical) (bbbb) [2000]"
set key outside right
set grid
set xlabel "Map Column (X)"
set ylabel "Value"
set key autotitle columnhead
set xrange [1:56]
set yrange [0:0.4]
plot for [col=2:*] $CSVData using 1:col with lines lw 2
