y,savannah,grassland,tundra,plains,prairie,desert,swamp,marsh,arctic
4,0.000000,0.053843,0.076852,0.427673,0.432045,0.000000,0.000000,0.009587,0.000000
4,0.000000,0.053843,0.076852,0.427673,0.432045,0.000000,0.000000,0.009587,0.000000
4,0.000000,0.053843,0.076852,0.427673,0.432045,0.000000,0.000000,0.009587,0.000000
4,0.000000,0.053843,0.076852,0.427673,0.432045,0.000000,0.000000,0.009587,0.000000
5,0.000000,0.078748,0.085062,0.409445,0.411515,0.000000,0.000000,0.015230,0.000000
6,0.000000,0.098537,0.085444,0.401668,0.396094,0.000000,0.000000,0.018256,0.000000
7,0.000000,0.102372,0.098604,0.424432,0.355087,0.000000,0.000000,0.019505,0.000000
8,0.000000,0.103624,0.109102,0.437828,0.329322,0.000000,0.000000,0.020123,0.000000
9,0.000000,0.102515,0.120704,0.445380,0.311491,0.000000,0.000000,0.019910,0.000000
10,0.000000,0.105039,0.121396,0.439733,0.312708,0.000000,0.000000,0.021124,0.000000
11,0.000000,0.121876,0.117180,0.426896,0.304752,0.000900,0.000000,0.028395,0.000000
12,0.000000,0.148387,0.107859,0.397566,0.304894,0.001533,0.000000,0.039761,0.000000
13,0.000000,0.170285,0.094506,0.381244,0.306358,0.002538,0.000000,0.045068,0.000000
14,0.000000,0.187512,0.083025,0.355780,0.315861,0.004320,0.000000,0.053502,0.000000
15,0.000000,0.182982,0.067714,0.324487,0.337362,0.035655,0.000000,0.051800,0.000000
16,0.000000,0.181080,0.051131,0.302930,0.351384,0.063913,0.000000,0.049562,0.000000
17,0.000000,0.171926,0.035706,0.273999,0.372953,0.097441,0.000000,0.047975,0.000000
18,0.000000,0.166114,0.015793,0.247103,0.397241,0.127574,0.000000,0.046176,0.000000
19,0.000000,0.195479,0.014071,0.226527,0.368171,0.134473,0.000000,0.061279,0.000000
20,0.000000,0.230834,0.011547,0.194494,0.345515,0.137028,0.000000,0.080582,0.000000
21,0.000000,0.257066,0.009966,0.171188,0.324851,0.140201,0.000000,0.096729,0.000000
22,0.000000,0.292218,0.008075,0.147595,0.298909,0.141742,0.000000,0.111461,0.000000
23,0.036081,0.287081,0.005885,0.116832,0.272176,0.148482,0.025857,0.107607,0.000000
24,0.074729,0.279407,0.004197,0.087615,0.246467,0.150162,0.049820,0.107602,0.000000
25,0.113895,0.270554,0.001806,0.057279,0.223309,0.152705,0.076113,0.104340,0.000000
26,0.152449,0.266318,0.000000,0.026579,0.200475,0.154388,0.098925,0.100865,0.000000
27,0.191833,0.242599,0.000000,0.021986,0.174011,0.162526,0.116884,0.090162,0.000000
28,0.259506,0.204251,0.000000,0.017575,0.136045,0.148030,0.155368,0.079225,0.000000
29,0.324716,0.170872,0.000000,0.012409,0.099959,0.143688,0.182913,0.065444,0.000000
30,0.381899,0.138941,0.000000,0.007878,0.072848,0.129987,0.213415,0.055031,0.000000
31,0.449252,0.129929,0.000000,0.005111,0.048170,0.094537,0.223097,0.049904,0.000000
32,0.495184,0.119442,0.000000,0.003447,0.032503,0.057792,0.244773,0.046859,0.000000
33,0.551367,0.111225,0.000000,0.001889,0.015958,0.028068,0.251679,0.039814,0.000000
34,0.573070,0.118587,0.000000,0.000478,0.005415,0.000000,0.261496,0.040955,0.000000
35,0.578192,0.111966,0.000000,0.000636,0.005674,0.000000,0.262336,0.041196,0.000000
36,0.582421,0.113015,0.000000,0.000612,0.005328,0.000000,0.258655,0.039969,0.000000
37,0.566116,0.129742,0.000000,0.000679,0.006250,0.000000,0.250900,0.046312,0.000000
38,0.541603,0.121071,0.000000,0.002355,0.016917,0.030188,0.244270,0.043595,0.000000
39,0.491701,0.135368,0.000000,0.003193,0.033604,0.066144,0.222504,0.047485,0.000000
40,0.427358,0.142309,0.000000,0.006066,0.054320,0.100643,0.217552,0.051753,0.000000
41,0.372505,0.152072,0.000000,0.008200,0.072884,0.146407,0.188342,0.059591,0.000000
42,0.298234,0.183615,0.000000,0.011962,0.108994,0.152045,0.173054,0.072096,0.000000
43,0.236499,0.220986,0.000000,0.017810,0.143977,0.159627,0.137565,0.083536,0.000000
44,0.189750,0.246483,0.000000,0.021629,0.173945,0.153641,0.119359,0.095195,0.000000
45,0.153593,0.269222,0.000000,0.025310,0.194892,0.157933,0.097492,0.101558,0.000000
46,0.112455,0.274885,0.002046,0.056228,0.222637,0.152312,0.074872,0.104566,0.000000
47,0.074142,0.280227,0.004005,0.085179,0.244612,0.152243,0.048950,0.110643,0.000000
48,0.034874,0.290304,0.006621,0.112875,0.272051,0.146592,0.027504,0.109179,0.000000
49,0.000000,0.299103,0.007610,0.139473,0.298401,0.143912,0.000000,0.111501,0.000000
50,0.000000,0.265776,0.009561,0.169040,0.321987,0.136968,0.000000,0.096668,0.000000
51,0.000000,0.227825,0.011497,0.194450,0.349945,0.136782,0.000000,0.079501,0.000000
52,0.000000,0.199758,0.014231,0.222998,0.369162,0.128831,0.000000,0.065020,0.000000
53,0.000000,0.166172,0.015302,0.250663,0.392941,0.130580,0.000000,0.044343,0.000000
54,0.000000,0.168998,0.038048,0.275181,0.373110,0.097360,0.000000,0.047304,0.000000
55,0.000000,0.172654,0.054269,0.306263,0.352076,0.066987,0.000000,0.047750,0.000000
56,0.000000,0.177908,0.072320,0.332632,0.331329,0.034388,0.000000,0.051422,0.000000
57,0.000000,0.184599,0.089346,0.358511,0.311550,0.004321,0.000000,0.051672,0.000000
58,0.000000,0.159384,0.102671,0.381553,0.307827,0.003070,0.000000,0.045495,0.000000
59,0.000000,0.138689,0.114592,0.410360,0.299488,0.001801,0.000000,0.035070,0.000000
60,0.000000,0.118300,0.123555,0.430974,0.298366,0.000908,0.000000,0.027897,0.000000
61,0.000000,0.097664,0.126772,0.455577,0.300533,0.000000,0.000000,0.019454,0.000000
62,0.000000,0.094143,0.127551,0.451792,0.308099,0.000000,0.000000,0.018415,0.000000
63,0.000000,0.096263,0.123294,0.446983,0.315385,0.000000,0.000000,0.018075,0.000000
64,0.000000,0.095315,0.114550,0.434686,0.337955,0.000000,0.000000,0.017494,0.000000
65,0.000000,0.091512,0.100199,0.414767,0.375509,0.000000,0.000000,0.018013,0.000000
66,0.000000,0.079048,0.089194,0.395629,0.419608,0.000000,0.000000,0.016521,0.000000
66,0.000000,0.079048,0.089194,0.395629,0.419608,0.000000,0.000000,0.016521,0.000000
66,0.000000,0.079048,0.089194,0.395629,0.419608,0.000000,0.000000,0.016521,0.000000
66,0.000000,0.079048,0.089194,0.395629,0.419608,0.000000,0.000000,0.016521,0.000000
66,0.000000,0.079048,0.089194,0.395629,0.419608,0.000000,0.000000,0.016521,0.000000
