#!/usr/bin/env -S gnuplot -p
set datafile separator comma

$CSVData << EOF
"x","savannah","grassland","tundra","plains","prairie","desert","swamp","marsh","arctic"
"1","-nan","-nan","-nan","-nan","-nan","-nan","-nan","-nan","-nan"
"2","0.000000","0.000000","0.000000","0.000000","0.000000","0.000000","0.000000","0.000000","1.000000"
"3","0.071131","0.123071","0.005841","0.089904","0.136003","0.055277","0.048602","0.053609","0.416562"
"4","0.101320","0.172762","0.014797","0.130914","0.195570","0.078040","0.061451","0.054854","0.190292"
"5","0.112776","0.173120","0.025672","0.148294","0.204651","0.086077","0.063787","0.058713","0.126910"
"6","0.123632","0.168534","0.037077","0.164814","0.210101","0.092841","0.061623","0.055251","0.086127"
"7","0.126523","0.163011","0.045223","0.173771","0.210418","0.092978","0.064654","0.056014","0.067407"
"8","0.131505","0.156596","0.049463","0.188555","0.212184","0.090249","0.064488","0.053554","0.053405"
"9","0.134241","0.155970","0.053439","0.194747","0.209304","0.088080","0.064937","0.053650","0.045633"
"10","0.133319","0.152349","0.056728","0.202417","0.212302","0.085623","0.065891","0.049765","0.041607"
"11","0.135997","0.147195","0.060883","0.205593","0.210420","0.084768","0.064929","0.049775","0.040441"
"12","0.137159","0.144377","0.065021","0.210398","0.208991","0.088423","0.062174","0.045177","0.038280"
"13","0.136257","0.142859","0.067948","0.212827","0.209559","0.086737","0.061444","0.044132","0.038236"
"14","0.136864","0.138205","0.068537","0.216612","0.207889","0.090037","0.061898","0.043032","0.036926"
"15","0.139484","0.138515","0.071695","0.220802","0.203843","0.087701","0.061104","0.040476","0.036380"
"16","0.139965","0.133358","0.074165","0.222416","0.205593","0.087943","0.059272","0.040896","0.036392"
"17","0.140754","0.130797","0.073641","0.225707","0.202241","0.091779","0.060241","0.039080","0.035761"
"18","0.142149","0.132862","0.075105","0.223311","0.203401","0.087793","0.060708","0.038189","0.036481"
"19","0.143242","0.130681","0.076540","0.225196","0.204127","0.087832","0.060174","0.037497","0.034712"
"20","0.142141","0.129504","0.077304","0.225571","0.206422","0.086871","0.058649","0.038883","0.034656"
"21","0.142714","0.130607","0.079918","0.224494","0.201988","0.089056","0.057827","0.037275","0.036121"
"22","0.141035","0.128894","0.078754","0.228333","0.202076","0.087542","0.059403","0.038260","0.035703"
"23","0.141244","0.127219","0.079353","0.227335","0.203685","0.088581","0.059217","0.038179","0.035185"
"24","0.143484","0.126344","0.078776","0.231740","0.201495","0.087048","0.058332","0.037171","0.035611"
"25","0.143876","0.128532","0.080589","0.231593","0.197877","0.085637","0.057841","0.038290","0.035766"
"26","0.142279","0.126054","0.082329","0.228314","0.201338","0.087681","0.058813","0.037496","0.035697"
"27","0.143874","0.128773","0.082346","0.224540","0.200025","0.088694","0.058970","0.038014","0.034763"
"28","0.145135","0.126582","0.080586","0.227187","0.200222","0.087593","0.059579","0.037368","0.035747"
"29","0.145563","0.128410","0.079541","0.230200","0.198605","0.086639","0.057631","0.037368","0.036044"
"30","0.144626","0.128998","0.079943","0.226461","0.200095","0.088295","0.058607","0.036795","0.036180"
"31","0.144193","0.127734","0.079726","0.226673","0.203815","0.087894","0.057391","0.036994","0.035579"
"32","0.141848","0.126966","0.080572","0.225117","0.202510","0.090381","0.058486","0.038071","0.036048"
"33","0.142919","0.127608","0.080710","0.227924","0.202718","0.087813","0.056563","0.037893","0.035852"
"34","0.144583","0.129429","0.079440","0.228519","0.200061","0.087606","0.058323","0.035997","0.036043"
"35","0.142210","0.130001","0.077386","0.228133","0.203424","0.087070","0.058399","0.037943","0.035434"
"36","0.140029","0.128483","0.077866","0.227156","0.204662","0.089826","0.057395","0.038549","0.036035"
"37","0.141855","0.128623","0.075080","0.226007","0.205944","0.088665","0.058701","0.039313","0.035813"
"38","0.142601","0.129979","0.072834","0.229744","0.204101","0.087343","0.057651","0.039293","0.036455"
"39","0.142257","0.131270","0.072106","0.226796","0.207592","0.088586","0.057334","0.038869","0.035191"
"40","0.143255","0.133100","0.072758","0.224574","0.210301","0.085328","0.057757","0.037246","0.035682"
"41","0.143857","0.134889","0.071137","0.222938","0.207686","0.085830","0.057158","0.039796","0.036709"
"42","0.142694","0.134960","0.067606","0.221295","0.213468","0.083542","0.060406","0.040312","0.035717"
"43","0.142094","0.137163","0.068279","0.221061","0.212648","0.082896","0.059452","0.039905","0.036502"
"44","0.141999","0.137203","0.065614","0.218077","0.217544","0.078388","0.061851","0.043296","0.036029"
"45","0.137292","0.141748","0.064414","0.216278","0.219049","0.072844","0.065049","0.045052","0.038275"
"46","0.136372","0.142698","0.061816","0.214169","0.223283","0.071994","0.064761","0.045678","0.039230"
"47","0.135178","0.144193","0.058501","0.216808","0.221130","0.066532","0.070186","0.046797","0.040676"
"48","0.129115","0.146981","0.053924","0.212516","0.226043","0.061094","0.075456","0.049951","0.044919"
"49","0.120344","0.150254","0.049285","0.208921","0.230013","0.054435","0.083851","0.051825","0.051072"
"50","0.107845","0.148992","0.037458","0.202675","0.247151","0.041657","0.092580","0.058391","0.063250"
"51","0.086087","0.150895","0.029527","0.197639","0.254283","0.026820","0.110157","0.057405","0.087186"
"52","0.052719","0.143416","0.017673","0.185079","0.246522","0.014439","0.126194","0.058133","0.155825"
"53","0.021128","0.099303","0.002747","0.133953","0.180435","0.000000","0.100782","0.045848","0.415804"
"54","0.000000","0.000000","0.000000","0.000000","0.000000","0.000000","0.000000","0.000000","1.000000"
"55","0.000000","0.000000","0.000000","0.000000","0.000000","0.000000","0.000000","0.000000","1.000000"
"56","-nan","-nan","-nan","-nan","-nan","-nan","-nan","-nan","-nan"
EOF

set title "Terrain Column Distribution (empirical) (bbbm) [2000]"
set key outside right
set grid
set xlabel "Map Column (X)"
set ylabel "Value"
set key autotitle columnhead
set xrange [1:56]
set yrange [0:0.4]
plot for [col=2:*] $CSVData using 1:col with lines lw 2
