#!/usr/bin/env -S gnuplot -p
set datafile separator comma

$CSVData << EOF
"x","savannah","grassland","tundra","plains","prairie","desert","swamp","marsh","arctic"
"1","-nan","-nan","-nan","-nan","-nan","-nan","-nan","-nan","-nan"
"2","0.000000","0.000000","0.000000","0.000000","0.000000","0.000000","0.000000","0.000000","1.000000"
"3","0.081038","0.119361","0.005190","0.106587","0.133733","0.056487","0.048703","0.042715","0.406188"
"4","0.111204","0.131974","0.034926","0.152836","0.184595","0.088013","0.059886","0.048338","0.188228"
"5","0.127005","0.129366","0.068830","0.169744","0.180701","0.094316","0.060900","0.043768","0.125371"
"6","0.130823","0.122751","0.081620","0.189816","0.177193","0.102142","0.061655","0.042162","0.091838"
"7","0.138122","0.121455","0.083399","0.204157","0.180329","0.102728","0.060236","0.040337","0.069235"
"8","0.143597","0.122269","0.087875","0.209820","0.185605","0.097357","0.058335","0.040068","0.055074"
"9","0.141317","0.117880","0.090737","0.218577","0.186338","0.098928","0.059698","0.038472","0.048053"
"10","0.143126","0.119804","0.093972","0.227891","0.186403","0.093534","0.058266","0.034773","0.042230"
"11","0.144694","0.116358","0.097188","0.229060","0.186440","0.094477","0.056440","0.034970","0.040373"
"12","0.147807","0.112516","0.098430","0.233490","0.183775","0.095600","0.056529","0.033290","0.038562"
"13","0.145120","0.114804","0.100753","0.237019","0.183289","0.093522","0.055090","0.032546","0.037858"
"14","0.149167","0.110718","0.100612","0.233857","0.185800","0.097045","0.054114","0.032118","0.036569"
"15","0.147817","0.107319","0.101427","0.238173","0.185670","0.096739","0.053232","0.032801","0.036824"
"16","0.147156","0.111672","0.104160","0.236072","0.184841","0.095438","0.053211","0.030519","0.036931"
"17","0.148967","0.110344","0.100567","0.237794","0.186098","0.098024","0.051539","0.031058","0.035609"
"18","0.150719","0.109003","0.102712","0.239380","0.182958","0.096405","0.052753","0.030350","0.035720"
"19","0.148082","0.111030","0.103923","0.238130","0.181579","0.096599","0.054078","0.030083","0.036495"
"20","0.151303","0.108671","0.102078","0.242450","0.179853","0.096597","0.052776","0.030480","0.035791"
"21","0.152755","0.109786","0.103916","0.239200","0.181056","0.096845","0.051735","0.030073","0.034634"
"22","0.150033","0.107250","0.102913","0.238051","0.184879","0.098086","0.053020","0.030310","0.035459"
"23","0.150873","0.110860","0.102964","0.237313","0.183234","0.097482","0.051024","0.030285","0.035966"
"24","0.149521","0.108708","0.104768","0.241574","0.182741","0.094841","0.052043","0.030204","0.035600"
"25","0.148947","0.109084","0.105602","0.238404","0.183474","0.098244","0.051600","0.029571","0.035074"
"26","0.149836","0.106719","0.106917","0.238755","0.183726","0.094120","0.053763","0.030382","0.035781"
"27","0.149044","0.107298","0.106763","0.241173","0.179550","0.096992","0.054330","0.028824","0.036026"
"28","0.147180","0.109762","0.105312","0.238776","0.182549","0.097177","0.051884","0.031577","0.035782"
"29","0.148825","0.108468","0.104475","0.239949","0.185342","0.097357","0.050111","0.030207","0.035267"
"30","0.145290","0.108428","0.106360","0.243636","0.182913","0.096733","0.051218","0.029578","0.035844"
"31","0.145189","0.109437","0.107346","0.240456","0.182926","0.099192","0.049710","0.030129","0.035615"
"32","0.147082","0.107770","0.105669","0.241793","0.184887","0.097192","0.050164","0.029906","0.035538"
"33","0.146092","0.108698","0.103422","0.241408","0.188564","0.094906","0.051262","0.029912","0.035736"
"34","0.148634","0.107782","0.102244","0.242723","0.185242","0.095976","0.051457","0.030369","0.035572"
"35","0.150204","0.110076","0.102743","0.240216","0.184690","0.095135","0.051745","0.029349","0.035843"
"36","0.148798","0.110009","0.104481","0.238429","0.186082","0.096910","0.050935","0.029790","0.034566"
"37","0.149981","0.110658","0.100544","0.236947","0.186867","0.096774","0.052103","0.030634","0.035492"
"38","0.151568","0.112135","0.098735","0.238452","0.184837","0.096466","0.052771","0.029544","0.035493"
"39","0.150494","0.112039","0.098332","0.239801","0.186947","0.094390","0.054610","0.029769","0.033619"
"40","0.150235","0.112193","0.096793","0.238114","0.188309","0.094564","0.054108","0.029638","0.036046"
"41","0.150017","0.116396","0.093307","0.238463","0.189745","0.094117","0.052176","0.031066","0.034712"
"42","0.146790","0.114622","0.091342","0.238226","0.195945","0.092915","0.052317","0.031884","0.035958"
"43","0.146823","0.116848","0.091578","0.237003","0.193607","0.089442","0.053784","0.034454","0.036461"
"44","0.146067","0.115865","0.090707","0.238117","0.197563","0.087562","0.055263","0.032954","0.035903"
"45","0.142860","0.118406","0.088313","0.235119","0.199675","0.088127","0.054766","0.034106","0.038628"
"46","0.141812","0.119349","0.086353","0.236754","0.198809","0.084568","0.056343","0.035011","0.041002"
"47","0.137699","0.121679","0.081057","0.234102","0.208432","0.077534","0.058966","0.037605","0.042927"
"48","0.137148","0.122342","0.078909","0.231929","0.210520","0.072819","0.062688","0.037978","0.045668"
"49","0.128666","0.124301","0.074019","0.231306","0.212737","0.067247","0.069843","0.039688","0.052193"
"50","0.120918","0.126929","0.063165","0.227240","0.224937","0.055270","0.072766","0.044084","0.064691"
"51","0.102352","0.129903","0.044829","0.220156","0.235524","0.039608","0.089956","0.048098","0.089574"
"52","0.072518","0.132775","0.022952","0.202303","0.245365","0.018690","0.098609","0.050688","0.156100"
"53","0.032777","0.094414","0.003092","0.132962","0.189033","0.000000","0.086374","0.042465","0.418883"
"54","0.000000","0.000000","0.000000","0.000000","0.000000","0.000000","0.000000","0.000000","1.000000"
"55","0.000000","0.000000","0.000000","0.000000","0.000000","0.000000","0.000000","0.000000","1.000000"
"56","-nan","-nan","-nan","-nan","-nan","-nan","-nan","-nan","-nan"
EOF

set title "Terrain Column Distribution (empirical) (bbbt) [2000]"
set key outside right
set grid
set xlabel "Map Column (X)"
set ylabel "Value"
set key autotitle columnhead
set xrange [1:56]
set yrange [0:0.4]
plot for [col=2:*] $CSVData using 1:col with lines lw 2
