#!/usr/bin/env -S gnuplot -p
set datafile separator comma

$CSVData << EOF
"x","savannah","grassland","tundra","plains","prairie","desert","swamp","marsh","arctic"
"1","-nan","-nan","-nan","-nan","-nan","-nan","-nan","-nan","-nan"
"2","0.000000","0.000000","0.000000","0.000000","0.000000","0.000000","0.000000","0.000000","1.000000"
"3","0.064034","0.129463","0.002793","0.103132","0.161380","0.045282","0.042888","0.049471","0.401556"
"4","0.087970","0.169617","0.011561","0.142251","0.214415","0.077041","0.051842","0.061236","0.184068"
"5","0.092552","0.179670","0.016242","0.151497","0.230760","0.079027","0.056110","0.068986","0.125155"
"6","0.097361","0.180188","0.023586","0.169606","0.239046","0.079597","0.054949","0.067230","0.088437"
"7","0.099561","0.188593","0.027609","0.172767","0.240896","0.080664","0.054403","0.067095","0.068411"
"8","0.099658","0.190705","0.031178","0.179507","0.245865","0.077897","0.053647","0.067114","0.054428"
"9","0.098617","0.190331","0.036193","0.185514","0.244548","0.076169","0.055334","0.067323","0.045970"
"10","0.099066","0.187958","0.038988","0.189685","0.248278","0.074987","0.054379","0.065425","0.041234"
"11","0.099436","0.183147","0.043780","0.195735","0.245236","0.074330","0.055102","0.063476","0.039757"
"12","0.101084","0.179484","0.048297","0.199807","0.245776","0.074292","0.054168","0.060005","0.037088"
"13","0.101228","0.174426","0.050933","0.204776","0.248015","0.075354","0.051553","0.057499","0.036215"
"14","0.103944","0.166324","0.052085","0.211165","0.244507","0.076930","0.051346","0.057754","0.035944"
"15","0.101361","0.166885","0.055844","0.213458","0.241758","0.076040","0.052659","0.056159","0.035836"
"16","0.099970","0.163647","0.057074","0.217193","0.244358","0.077652","0.049813","0.054330","0.035964"
"17","0.101398","0.160038","0.059110","0.223275","0.242488","0.076697","0.048995","0.052106","0.035894"
"18","0.101010","0.156372","0.062031","0.223853","0.243437","0.075164","0.049568","0.052161","0.036403"
"19","0.101730","0.154355","0.063059","0.229523","0.239550","0.077576","0.047463","0.049574","0.037169"
"20","0.101659","0.156452","0.063871","0.235089","0.235214","0.075653","0.047767","0.048529","0.035767"
"21","0.104770","0.151336","0.065584","0.230547","0.240398","0.075575","0.048804","0.047079","0.035907"
"22","0.105113","0.150305","0.065827","0.230241","0.237078","0.078633","0.049006","0.047533","0.036262"
"23","0.106016","0.152242","0.066816","0.231041","0.237147","0.076773","0.048605","0.046165","0.035195"
"24","0.105823","0.149884","0.065065","0.232010","0.238403","0.077271","0.047729","0.047836","0.035980"
"25","0.106248","0.150166","0.064309","0.236966","0.233938","0.078522","0.047357","0.046642","0.035852"
"26","0.106563","0.148334","0.065870","0.235052","0.236176","0.077252","0.048533","0.046436","0.035784"
"27","0.107296","0.145792","0.065446","0.233468","0.240448","0.078935","0.047389","0.046175","0.035052"
"28","0.108646","0.145988","0.064664","0.235704","0.239084","0.077654","0.047927","0.044667","0.035667"
"29","0.107355","0.147252","0.065346","0.235297","0.237804","0.078093","0.047859","0.045564","0.035430"
"30","0.107164","0.146323","0.064886","0.234922","0.240797","0.077015","0.048335","0.044943","0.035615"
"31","0.108279","0.147501","0.067287","0.235620","0.237558","0.077192","0.047158","0.044014","0.035391"
"32","0.106835","0.146864","0.065535","0.237446","0.239422","0.077101","0.045467","0.045375","0.035954"
"33","0.106129","0.147862","0.065039","0.239632","0.237063","0.072776","0.048982","0.046107","0.036411"
"34","0.106948","0.148387","0.064451","0.236494","0.240388","0.074922","0.047740","0.045640","0.035031"
"35","0.105179","0.149448","0.063144","0.235461","0.241243","0.075932","0.048475","0.045018","0.036100"
"36","0.107255","0.149618","0.059241","0.239076","0.239091","0.076088","0.048198","0.046376","0.035057"
"37","0.107744","0.150804","0.059987","0.234792","0.242434","0.075011","0.047649","0.046160","0.035418"
"38","0.108160","0.151788","0.059849","0.233189","0.244373","0.073082","0.048711","0.045353","0.035494"
"39","0.105926","0.149920","0.061004","0.232913","0.243845","0.074828","0.048803","0.047195","0.035566"
"40","0.106836","0.151193","0.059677","0.231780","0.244251","0.070607","0.048327","0.050491","0.036837"
"41","0.105767","0.155953","0.060270","0.227467","0.246177","0.069962","0.050280","0.047865","0.036259"
"42","0.105261","0.155481","0.057453","0.229922","0.247069","0.067335","0.050140","0.051409","0.035928"
"43","0.104209","0.160223","0.056801","0.228824","0.246725","0.065775","0.049737","0.050828","0.036877"
"44","0.101200","0.160910","0.055147","0.222893","0.253050","0.064305","0.052187","0.053053","0.037255"
"45","0.101384","0.162754","0.052292","0.218701","0.256071","0.061706","0.052679","0.055728","0.038684"
"46","0.099221","0.165883","0.049988","0.215291","0.259557","0.057061","0.056991","0.057342","0.038667"
"47","0.097420","0.170009","0.044009","0.215286","0.260340","0.053784","0.060388","0.057086","0.041677"
"48","0.092922","0.172591","0.039803","0.209044","0.265058","0.047433","0.066435","0.061245","0.045469"
"49","0.086278","0.176567","0.031754","0.200562","0.273389","0.040665","0.070809","0.068143","0.051834"
"50","0.076566","0.183988","0.022657","0.193616","0.282452","0.029733","0.076778","0.069094","0.065116"
"51","0.059753","0.177289","0.014681","0.187990","0.282840","0.018020","0.092882","0.076531","0.090014"
"52","0.040215","0.165244","0.005459","0.173318","0.276663","0.006305","0.103422","0.070434","0.158939"
"53","0.013722","0.097556","0.003002","0.126072","0.189537","0.000000","0.087693","0.048671","0.433748"
"54","0.000000","0.000000","0.000000","0.000000","0.000000","0.000000","0.000000","0.000000","1.000000"
"55","0.000000","0.000000","0.000000","0.000000","0.000000","0.000000","0.000000","0.000000","1.000000"
"56","-nan","-nan","-nan","-nan","-nan","-nan","-nan","-nan","-nan"
EOF

set title "Terrain Column Distribution (empirical) (bbmb) [2000]"
set key outside right
set grid
set xlabel "Map Column (X)"
set ylabel "Value"
set key autotitle columnhead
set xrange [1:56]
set yrange [0:0.4]
plot for [col=2:*] $CSVData using 1:col with lines lw 2
