#!/usr/bin/env -S gnuplot -p
set datafile separator comma

$CSVData << EOF
"x","savannah","grassland","tundra","plains","prairie","desert","swamp","marsh","arctic"
"1","-nan","-nan","-nan","-nan","-nan","-nan","-nan","-nan","-nan"
"2","0.000000","0.000000","0.000000","0.000000","0.000000","0.000000","0.000000","0.000000","1.000000"
"3","0.058424","0.133631","0.005736","0.111536","0.149352","0.052050","0.037816","0.038028","0.413427"
"4","0.076560","0.165312","0.013705","0.171172","0.207656","0.075425","0.043006","0.053970","0.193195"
"5","0.088494","0.160551","0.029902","0.192637","0.215806","0.079214","0.048462","0.057803","0.127130"
"6","0.094644","0.157114","0.047802","0.207317","0.213908","0.087310","0.048937","0.052953","0.090016"
"7","0.099663","0.159030","0.055996","0.212715","0.214641","0.087687","0.049029","0.052689","0.068550"
"8","0.100455","0.155469","0.063112","0.219356","0.220931","0.086183","0.050190","0.050365","0.053939"
"9","0.101441","0.152690","0.070844","0.223534","0.219239","0.084005","0.050615","0.050784","0.046848"
"10","0.105989","0.143987","0.071775","0.233990","0.219848","0.084054","0.049117","0.048680","0.042559"
"11","0.104816","0.137411","0.079871","0.241255","0.219419","0.083616","0.049290","0.045244","0.039079"
"12","0.105847","0.137689","0.084513","0.245779","0.211070","0.083619","0.049955","0.043293","0.038234"
"13","0.108632","0.130450","0.086880","0.253372","0.210112","0.083548","0.048894","0.040827","0.037283"
"14","0.107551","0.130646","0.087913","0.254281","0.208380","0.085689","0.046861","0.041212","0.037467"
"15","0.107699","0.127687","0.091337","0.257242","0.206431","0.085324","0.048095","0.039945","0.036240"
"16","0.107920","0.125930","0.094126","0.257455","0.205812","0.086159","0.048404","0.038360","0.035834"
"17","0.108976","0.121721","0.099537","0.254890","0.207632","0.087610","0.047335","0.036830","0.035470"
"18","0.109533","0.121989","0.098303","0.258798","0.206195","0.086077","0.046712","0.036649","0.035744"
"19","0.109559","0.121277","0.098805","0.259442","0.206636","0.088250","0.045158","0.035184","0.035689"
"20","0.110296","0.120135","0.100121","0.260789","0.203201","0.087687","0.045934","0.036231","0.035606"
"21","0.110243","0.120588","0.100264","0.265743","0.202939","0.086669","0.045379","0.033523","0.034652"
"22","0.109487","0.121069","0.101230","0.262963","0.203506","0.084791","0.045006","0.036369","0.035580"
"23","0.110097","0.121282","0.103165","0.261590","0.204650","0.084154","0.044105","0.035887","0.035069"
"24","0.109340","0.118672","0.103948","0.263065","0.204926","0.085785","0.044491","0.034614","0.035159"
"25","0.108792","0.117664","0.105191","0.266153","0.204655","0.085760","0.044088","0.033575","0.034122"
"26","0.109370","0.116704","0.104744","0.268418","0.203707","0.083595","0.043395","0.034083","0.035985"
"27","0.108146","0.117899","0.104037","0.267876","0.202489","0.086051","0.042074","0.035592","0.035835"
"28","0.108163","0.116911","0.105794","0.263984","0.208080","0.084805","0.043314","0.033700","0.035249"
"29","0.107900","0.117768","0.106341","0.266533","0.201164","0.087261","0.043203","0.033700","0.036129"
"30","0.107352","0.120320","0.105870","0.264179","0.204592","0.085356","0.041838","0.034430","0.036064"
"31","0.105356","0.118884","0.105066","0.264840","0.207250","0.083745","0.045159","0.034285","0.035414"
"32","0.105433","0.118864","0.105540","0.266697","0.204274","0.084478","0.044475","0.033608","0.036630"
"33","0.106397","0.118547","0.103470","0.264705","0.206313","0.085084","0.044879","0.034444","0.036160"
"34","0.105326","0.118377","0.103468","0.268597","0.204864","0.084384","0.044526","0.033886","0.036572"
"35","0.108315","0.118793","0.102188","0.265763","0.208157","0.084781","0.042699","0.033533","0.035771"
"36","0.107550","0.120670","0.101105","0.262862","0.207977","0.084424","0.044463","0.034858","0.036091"
"37","0.110585","0.119027","0.099763","0.261846","0.209591","0.084149","0.043814","0.034878","0.036346"
"38","0.110808","0.122352","0.096707","0.261207","0.208399","0.085070","0.043635","0.034741","0.037081"
"39","0.109843","0.124226","0.094897","0.263226","0.207883","0.085048","0.043087","0.035067","0.036724"
"40","0.108871","0.118983","0.093388","0.262695","0.211946","0.084630","0.046198","0.035771","0.037519"
"41","0.108239","0.125568","0.091951","0.262753","0.211001","0.081487","0.045849","0.036427","0.036727"
"42","0.107789","0.125921","0.089291","0.259102","0.216359","0.082271","0.045370","0.036519","0.037378"
"43","0.110493","0.125421","0.087085","0.259532","0.217553","0.077961","0.045832","0.037594","0.038529"
"44","0.108386","0.131032","0.083811","0.257170","0.221519","0.075026","0.045952","0.040282","0.036821"
"45","0.106718","0.132113","0.079954","0.254883","0.223202","0.075274","0.048560","0.040315","0.038980"
"46","0.104408","0.132191","0.079131","0.252184","0.226890","0.070323","0.051913","0.043687","0.039274"
"47","0.102707","0.135939","0.072865","0.249510","0.230230","0.066200","0.054941","0.044453","0.043154"
"48","0.097169","0.139628","0.069939","0.248151","0.236692","0.059460","0.057230","0.045688","0.046043"
"49","0.091271","0.140934","0.060532","0.248896","0.244723","0.052137","0.061308","0.047989","0.052210"
"50","0.082521","0.145681","0.044694","0.243358","0.258111","0.040859","0.066871","0.053478","0.064427"
"51","0.065369","0.147223","0.033145","0.236442","0.258801","0.027752","0.082555","0.056425","0.092288"
"52","0.039389","0.131456","0.018508","0.217670","0.261647","0.013288","0.099739","0.055129","0.163173"
"53","0.012973","0.086919","0.002162","0.154378","0.184865","0.000000","0.075243","0.041081","0.442378"
"54","0.000000","0.000000","0.000000","0.000000","0.000000","0.000000","0.000000","0.000000","1.000000"
"55","0.000000","0.000000","0.000000","0.000000","0.000000","0.000000","0.000000","0.000000","1.000000"
"56","-nan","-nan","-nan","-nan","-nan","-nan","-nan","-nan","-nan"
EOF

set title "Terrain Column Distribution (empirical) (bbmm) [2000]"
set key outside right
set grid
set xlabel "Map Column (X)"
set ylabel "Value"
set key autotitle columnhead
set xrange [1:56]
set yrange [0:0.4]
plot for [col=2:*] $CSVData using 1:col with lines lw 2
