#!/usr/bin/env -S gnuplot -p
set datafile separator comma

$CSVData << EOF
"x","savannah","grassland","tundra","plains","prairie","desert","swamp","marsh","arctic"
"1","-nan","-nan","-nan","-nan","-nan","-nan","-nan","-nan","-nan"
"2","0.000000","0.000000","0.000000","0.000000","0.000000","0.000000","0.000000","0.000000","1.000000"
"3","0.060487","0.123658","0.004129","0.125929","0.145541","0.052230","0.038192","0.040462","0.409372"
"4","0.084848","0.140699","0.041119","0.175664","0.190396","0.082890","0.046340","0.048765","0.189277"
"5","0.093422","0.125676","0.085343","0.202575","0.181255","0.094940","0.048169","0.043006","0.125615"
"6","0.098769","0.121912","0.098813","0.219381","0.182933","0.102193","0.045636","0.039482","0.090882"
"7","0.105851","0.119783","0.105115","0.233898","0.181052","0.100054","0.046312","0.039074","0.068859"
"8","0.108489","0.118468","0.108262","0.240002","0.188498","0.098434","0.044089","0.038408","0.055350"
"9","0.108918","0.116063","0.113837","0.245781","0.189636","0.095327","0.046455","0.036129","0.047854"
"10","0.109688","0.112238","0.116804","0.255432","0.187298","0.095475","0.046786","0.033715","0.042563"
"11","0.111651","0.110574","0.122332","0.259512","0.185007","0.092830","0.043590","0.033244","0.041260"
"12","0.111954","0.108185","0.125849","0.264005","0.185824","0.091991","0.042158","0.032016","0.038017"
"13","0.112521","0.104824","0.127246","0.266809","0.185636","0.094407","0.041143","0.030202","0.037212"
"14","0.112673","0.105275","0.128048","0.270778","0.182068","0.091573","0.041862","0.029511","0.038212"
"15","0.111500","0.103598","0.129584","0.271283","0.184915","0.091135","0.041189","0.029122","0.037673"
"16","0.113209","0.102594","0.128665","0.272991","0.182352","0.094157","0.038830","0.029509","0.037694"
"17","0.115499","0.103097","0.131983","0.270378","0.181483","0.092587","0.041695","0.027823","0.035455"
"18","0.115113","0.103745","0.131162","0.271593","0.179948","0.093325","0.041258","0.028040","0.035815"
"19","0.115574","0.101096","0.130299","0.272317","0.180444","0.095872","0.040472","0.027731","0.036194"
"20","0.115581","0.104037","0.132951","0.266752","0.180673","0.094780","0.039717","0.029734","0.035776"
"21","0.116676","0.103197","0.132335","0.267947","0.182882","0.093644","0.040221","0.026928","0.036171"
"22","0.115588","0.102758","0.133161","0.270788","0.181691","0.093625","0.038334","0.029047","0.035007"
"23","0.117193","0.100858","0.133619","0.269062","0.181198","0.095204","0.039320","0.027827","0.035719"
"24","0.115797","0.101450","0.132949","0.270274","0.179497","0.095763","0.039748","0.028389","0.036134"
"25","0.116794","0.102670","0.132888","0.270110","0.180715","0.093608","0.039492","0.027611","0.036113"
"26","0.115864","0.101822","0.131420","0.273870","0.181854","0.092909","0.039328","0.028191","0.034743"
"27","0.115154","0.102189","0.132969","0.273024","0.179946","0.093456","0.038697","0.029026","0.035539"
"28","0.116093","0.101714","0.135098","0.270454","0.182026","0.092826","0.038632","0.027453","0.035705"
"29","0.117417","0.102252","0.134588","0.267475","0.182349","0.093104","0.039706","0.027869","0.035239"
"30","0.117026","0.100647","0.134744","0.268285","0.183089","0.093021","0.039196","0.027826","0.036167"
"31","0.116521","0.101409","0.137598","0.267762","0.181863","0.093562","0.038973","0.025895","0.036418"
"32","0.117162","0.103199","0.134260","0.267572","0.182358","0.094773","0.038876","0.027161","0.034639"
"33","0.115896","0.100950","0.134284","0.272729","0.182166","0.091955","0.040141","0.026909","0.034971"
"34","0.114781","0.102243","0.132394","0.272683","0.182044","0.093015","0.039916","0.027515","0.035409"
"35","0.116859","0.102390","0.132930","0.269311","0.183485","0.092482","0.039045","0.027843","0.035655"
"36","0.116034","0.101605","0.132582","0.269076","0.184776","0.091228","0.040225","0.028316","0.036157"
"37","0.116194","0.102724","0.131490","0.268872","0.185017","0.092578","0.039793","0.027514","0.035819"
"38","0.117225","0.102938","0.126290","0.271671","0.183950","0.094322","0.038941","0.028481","0.036182"
"39","0.115222","0.103746","0.127857","0.272093","0.187370","0.091667","0.038433","0.028581","0.035030"
"40","0.116359","0.104292","0.126427","0.271256","0.188634","0.091482","0.038383","0.027789","0.035378"
"41","0.116155","0.103280","0.122259","0.273079","0.190455","0.090203","0.039526","0.028732","0.036311"
"42","0.113222","0.106826","0.119368","0.273540","0.193930","0.089581","0.038974","0.028439","0.036121"
"43","0.114549","0.107390","0.115361","0.273439","0.193668","0.089874","0.039870","0.029465","0.036385"
"44","0.114265","0.107979","0.112229","0.272178","0.198824","0.086334","0.040244","0.030553","0.037394"
"45","0.110837","0.109757","0.111631","0.273000","0.200695","0.084052","0.042330","0.029773","0.037925"
"46","0.108698","0.111406","0.105481","0.271271","0.204456","0.083203","0.043342","0.031579","0.040564"
"47","0.106497","0.112276","0.102750","0.267720","0.209567","0.080386","0.045464","0.033604","0.041736"
"48","0.103669","0.115213","0.094146","0.266852","0.217398","0.074376","0.047269","0.035931","0.045145"
"49","0.098195","0.116750","0.088749","0.272320","0.218656","0.065158","0.050073","0.038290","0.051808"
"50","0.089687","0.121543","0.074065","0.265936","0.230986","0.056912","0.055319","0.040371","0.065182"
"51","0.077981","0.123870","0.058215","0.256780","0.245880","0.038017","0.065092","0.044808","0.089356"
"52","0.055469","0.124282","0.028472","0.241971","0.249030","0.017688","0.075330","0.048177","0.159581"
"53","0.028803","0.089610","0.002774","0.161511","0.186473","0.001067","0.057179","0.036271","0.436313"
"54","0.000000","0.000000","0.000000","0.000000","0.000000","0.000000","0.000000","0.000000","1.000000"
"55","0.000000","0.000000","0.000000","0.000000","0.000000","0.000000","0.000000","0.000000","1.000000"
"56","-nan","-nan","-nan","-nan","-nan","-nan","-nan","-nan","-nan"
EOF

set title "Terrain Column Distribution (empirical) (bbmt) [2000]"
set key outside right
set grid
set xlabel "Map Column (X)"
set ylabel "Value"
set key autotitle columnhead
set xrange [1:56]
set yrange [0:0.4]
plot for [col=2:*] $CSVData using 1:col with lines lw 2
