#!/usr/bin/env -S gnuplot -p
set datafile separator comma

$CSVData << EOF
"x","savannah","grassland","tundra","plains","prairie","desert","swamp","marsh","arctic"
"1","-nan","-nan","-nan","-nan","-nan","-nan","-nan","-nan","-nan"
"2","0.000000","0.000000","0.000000","0.000000","0.000000","0.000000","0.000000","0.000000","1.000000"
"3","0.040763","0.119679","0.004618","0.130522","0.174096","0.047390","0.026908","0.047390","0.408635"
"4","0.062897","0.161931","0.013977","0.187494","0.223264","0.068874","0.037793","0.058483","0.185287"
"5","0.064549","0.179383","0.018699","0.198981","0.243872","0.073000","0.039197","0.056278","0.126041"
"6","0.069034","0.178727","0.027467","0.210044","0.253774","0.076647","0.039059","0.056101","0.089147"
"7","0.071280","0.180166","0.033963","0.213489","0.255983","0.076776","0.041024","0.059107","0.068213"
"8","0.072667","0.179226","0.041936","0.219245","0.258965","0.072368","0.038425","0.063204","0.053965"
"9","0.072182","0.176070","0.045038","0.226152","0.260851","0.073752","0.039241","0.059123","0.047591"
"10","0.072800","0.176432","0.051320","0.226327","0.261302","0.071338","0.039492","0.058911","0.042079"
"11","0.070839","0.172533","0.054684","0.231125","0.263137","0.071522","0.039476","0.056401","0.040282"
"12","0.072932","0.165578","0.058590","0.237502","0.262339","0.070748","0.040017","0.054107","0.038187"
"13","0.073982","0.162543","0.062634","0.240730","0.259303","0.070914","0.037989","0.055166","0.036739"
"14","0.072036","0.160429","0.066223","0.244999","0.255893","0.073517","0.037571","0.052287","0.037045"
"15","0.073288","0.156216","0.068697","0.249552","0.257241","0.072093","0.035976","0.050363","0.036573"
"16","0.074556","0.155008","0.072379","0.255013","0.246831","0.071414","0.037255","0.051021","0.036524"
"17","0.073733","0.150286","0.075065","0.259430","0.246790","0.073640","0.036216","0.049398","0.035442"
"18","0.076217","0.146640","0.078056","0.259460","0.246002","0.072463","0.036679","0.047927","0.036556"
"19","0.074946","0.147613","0.079704","0.261980","0.244533","0.073514","0.037034","0.045288","0.035387"
"20","0.075246","0.140466","0.081052","0.268457","0.245326","0.071827","0.035944","0.046324","0.035359"
"21","0.074197","0.142323","0.085559","0.266246","0.244518","0.070962","0.035910","0.044712","0.035573"
"22","0.075907","0.136522","0.084409","0.271163","0.246009","0.071748","0.036057","0.043122","0.035063"
"23","0.075769","0.138927","0.085463","0.271534","0.244008","0.071998","0.035388","0.042335","0.034579"
"24","0.078928","0.134908","0.085549","0.269178","0.247065","0.071304","0.034338","0.042919","0.035811"
"25","0.077209","0.136937","0.085540","0.272235","0.241718","0.073066","0.036723","0.041746","0.034826"
"26","0.078953","0.132837","0.086853","0.274579","0.241564","0.072058","0.036349","0.041874","0.034933"
"27","0.077098","0.137780","0.085887","0.272626","0.241887","0.072987","0.035905","0.041102","0.034728"
"28","0.078036","0.135569","0.087026","0.274149","0.240360","0.073051","0.035685","0.040486","0.035639"
"29","0.075451","0.134233","0.087647","0.274556","0.242379","0.073924","0.035062","0.041259","0.035489"
"30","0.076927","0.133978","0.088251","0.272032","0.242870","0.072866","0.035598","0.041881","0.035598"
"31","0.076871","0.135500","0.087644","0.272921","0.242385","0.072860","0.035085","0.040464","0.036269"
"32","0.077441","0.137138","0.084784","0.275843","0.242430","0.073216","0.034703","0.039742","0.034703"
"33","0.078796","0.135301","0.084627","0.275757","0.244619","0.071412","0.033983","0.040583","0.034921"
"34","0.076121","0.134737","0.082131","0.276597","0.244631","0.074205","0.035380","0.041374","0.034824"
"35","0.077567","0.135410","0.082386","0.273987","0.244702","0.072331","0.036389","0.041471","0.035756"
"36","0.078031","0.135349","0.081721","0.272031","0.247287","0.071411","0.034651","0.043333","0.036186"
"37","0.076872","0.136172","0.081206","0.273121","0.249118","0.070331","0.034785","0.042475","0.035919"
"38","0.076567","0.137498","0.079340","0.273539","0.250015","0.070291","0.034216","0.041917","0.036617"
"39","0.075546","0.137967","0.079639","0.273683","0.248387","0.071921","0.035171","0.042327","0.035359"
"40","0.077659","0.140219","0.078407","0.265963","0.253685","0.068684","0.034716","0.044486","0.036181"
"41","0.077187","0.144729","0.077234","0.267884","0.249425","0.068748","0.035149","0.043087","0.036558"
"42","0.077303","0.142170","0.075784","0.269009","0.253077","0.068475","0.033889","0.043635","0.036658"
"43","0.075702","0.144038","0.072547","0.267865","0.254636","0.065148","0.036706","0.045322","0.038035"
"44","0.072962","0.147960","0.070077","0.264093","0.262479","0.061489","0.037173","0.046691","0.037076"
"45","0.071737","0.148526","0.068090","0.260632","0.265232","0.058286","0.038093","0.049804","0.039599"
"46","0.070757","0.151536","0.064157","0.259470","0.268931","0.055468","0.039968","0.050237","0.039477"
"47","0.067597","0.154242","0.058987","0.256933","0.273949","0.052669","0.040722","0.052203","0.042698"
"48","0.066119","0.160925","0.051203","0.252013","0.278289","0.048588","0.044583","0.054023","0.044256"
"49","0.060519","0.163442","0.041198","0.245601","0.289495","0.038549","0.049002","0.060236","0.051958"
"50","0.052583","0.169486","0.028148","0.238359","0.300075","0.028747","0.054349","0.064381","0.063872"
"51","0.040883","0.163704","0.017905","0.232425","0.300379","0.018246","0.067102","0.071237","0.088119"
"52","0.025140","0.158581","0.004522","0.219284","0.285200","0.006821","0.075496","0.067602","0.157354"
"53","0.011359","0.101809","0.002945","0.152082","0.195625","0.000000","0.059529","0.041228","0.435423"
"54","0.000000","0.000000","0.000000","0.000000","0.000000","0.000000","0.000000","0.000000","1.000000"
"55","0.000000","0.000000","0.000000","0.000000","0.000000","0.000000","0.000000","0.000000","1.000000"
"56","-nan","-nan","-nan","-nan","-nan","-nan","-nan","-nan","-nan"
EOF

set title "Terrain Column Distribution (empirical) (bbtb) [2000]"
set key outside right
set grid
set xlabel "Map Column (X)"
set ylabel "Value"
set key autotitle columnhead
set xrange [1:56]
set yrange [0:0.4]
plot for [col=2:*] $CSVData using 1:col with lines lw 2
