y,savannah,grassland,tundra,plains,prairie,desert,swamp,marsh,arctic
4,0.000000,0.000000,0.163285,0.565056,0.271659,0.000000,0.000000,0.000000,0.000000
4,0.000000,0.000000,0.163285,0.565056,0.271659,0.000000,0.000000,0.000000,0.000000
4,0.000000,0.000000,0.163285,0.565056,0.271659,0.000000,0.000000,0.000000,0.000000
4,0.000000,0.000000,0.163285,0.565056,0.271659,0.000000,0.000000,0.000000,0.000000
5,0.000000,0.000000,0.174365,0.507976,0.317659,0.000000,0.000000,0.000000,0.000000
6,0.000000,0.000000,0.185270,0.546726,0.268004,0.000000,0.000000,0.000000,0.000000
7,0.000000,0.010796,0.220239,0.561141,0.205919,0.000000,0.000000,0.001905,0.000000
8,0.000000,0.019575,0.244275,0.549321,0.182823,0.000000,0.000000,0.004006,0.000000
9,0.000000,0.023813,0.262046,0.534684,0.174971,0.000000,0.000000,0.004486,0.000000
10,0.000000,0.025805,0.262602,0.530165,0.175341,0.000000,0.000000,0.006087,0.000000
11,0.000000,0.030104,0.264452,0.519298,0.180130,0.000000,0.000000,0.006016,0.000000
12,0.000000,0.033075,0.255478,0.516416,0.188648,0.000000,0.000000,0.006382,0.000000
13,0.000000,0.035767,0.243539,0.516134,0.198063,0.000000,0.000000,0.006497,0.000000
14,0.000000,0.038028,0.227506,0.518210,0.209236,0.000000,0.000000,0.007019,0.000000
15,0.000000,0.057322,0.216349,0.489315,0.221069,0.003288,0.000000,0.012657,0.000000
16,0.000000,0.073374,0.195649,0.469780,0.237862,0.005828,0.000000,0.017508,0.000000
17,0.000000,0.088441,0.175937,0.446266,0.259213,0.008810,0.000000,0.021332,0.000000
18,0.000000,0.103575,0.152224,0.426856,0.280659,0.012693,0.000000,0.023993,0.000000
19,0.000000,0.106599,0.123682,0.393139,0.300594,0.049495,0.000000,0.026490,0.000000
20,0.000000,0.110363,0.097999,0.357992,0.317272,0.088812,0.000000,0.027562,0.000000
21,0.000000,0.110955,0.065692,0.328279,0.342018,0.125124,0.000000,0.027931,0.000000
22,0.000000,0.116514,0.037222,0.300209,0.358489,0.158767,0.000000,0.028798,0.000000
23,0.000000,0.148824,0.032440,0.268939,0.339051,0.165340,0.000000,0.045407,0.000000
24,0.000000,0.188197,0.026532,0.234760,0.327404,0.164160,0.000000,0.058947,0.000000
25,0.000000,0.225125,0.022004,0.201211,0.309227,0.169471,0.000000,0.072962,0.000000
26,0.000000,0.265140,0.015668,0.166911,0.292003,0.173931,0.000000,0.086346,0.000000
27,0.041139,0.258668,0.012888,0.133599,0.267290,0.177169,0.021831,0.087415,0.000000
28,0.116929,0.238109,0.008205,0.094074,0.236052,0.165977,0.060499,0.080155,0.000000
29,0.196898,0.219254,0.004059,0.058249,0.199098,0.156562,0.095365,0.070515,0.000000
30,0.261175,0.207665,0.000000,0.024806,0.168845,0.149356,0.121936,0.066218,0.000000
31,0.312009,0.192503,0.000000,0.018730,0.134956,0.139163,0.141086,0.061551,0.000000
32,0.356908,0.183245,0.000000,0.014361,0.106975,0.128190,0.152381,0.057940,0.000000
33,0.383586,0.183554,0.000000,0.009796,0.079475,0.115116,0.168138,0.060335,0.000000
34,0.406832,0.172412,0.000000,0.005926,0.061466,0.120477,0.175229,0.057659,0.000000
35,0.411979,0.172937,0.000000,0.005847,0.058605,0.111703,0.179713,0.059217,0.000000
36,0.412432,0.175454,0.000000,0.005838,0.057564,0.114835,0.177038,0.056840,0.000000
37,0.394683,0.173866,0.000000,0.006333,0.061805,0.132017,0.172635,0.058661,0.000000
38,0.371839,0.186595,0.000000,0.009231,0.083150,0.123305,0.162314,0.063565,0.000000
39,0.335435,0.188430,0.000000,0.015126,0.114333,0.136793,0.147737,0.062147,0.000000
40,0.289365,0.202427,0.000000,0.019874,0.145323,0.148712,0.128380,0.065919,0.000000
41,0.231704,0.221151,0.000000,0.025592,0.184869,0.161177,0.105047,0.070459,0.000000
42,0.161273,0.235869,0.004239,0.062107,0.212531,0.168794,0.076055,0.079132,0.000000
43,0.081770,0.253679,0.009144,0.103673,0.247083,0.183032,0.039782,0.081838,0.000000
44,0.041944,0.259192,0.013616,0.135640,0.264939,0.176102,0.021462,0.087104,0.000000
45,0.000000,0.263769,0.018571,0.172030,0.287619,0.171780,0.000000,0.086231,0.000000
46,0.000000,0.224622,0.021600,0.202275,0.309893,0.167715,0.000000,0.073894,0.000000
47,0.000000,0.185669,0.028259,0.234787,0.322378,0.171505,0.000000,0.057403,0.000000
48,0.000000,0.150662,0.033940,0.263046,0.345260,0.163906,0.000000,0.043186,0.000000
49,0.000000,0.112265,0.037324,0.297778,0.359398,0.165643,0.000000,0.027592,0.000000
50,0.000000,0.113291,0.065014,0.325880,0.339940,0.128386,0.000000,0.027490,0.000000
51,0.000000,0.108553,0.093570,0.360400,0.320724,0.089289,0.000000,0.027465,0.000000
52,0.000000,0.110098,0.123026,0.394527,0.294062,0.050830,0.000000,0.027457,0.000000
53,0.000000,0.103988,0.155578,0.421986,0.279216,0.013550,0.000000,0.025682,0.000000
54,0.000000,0.082635,0.182197,0.450433,0.253494,0.009828,0.000000,0.021414,0.000000
55,0.000000,0.068536,0.203688,0.474782,0.231188,0.006146,0.000000,0.015660,0.000000
56,0.000000,0.049721,0.224118,0.496366,0.214669,0.003135,0.000000,0.011993,0.000000
57,0.000000,0.033503,0.238448,0.519359,0.202716,0.000000,0.000000,0.005974,0.000000
58,0.000000,0.033225,0.250570,0.518879,0.191351,0.000000,0.000000,0.005975,0.000000
59,0.000000,0.028735,0.265098,0.518905,0.181486,0.000000,0.000000,0.005775,0.000000
60,0.000000,0.027176,0.269786,0.522587,0.175007,0.000000,0.000000,0.005445,0.000000
61,0.000000,0.025145,0.277139,0.526151,0.167143,0.000000,0.000000,0.004423,0.000000
62,0.000000,0.021048,0.280154,0.532578,0.162866,0.000000,0.000000,0.003353,0.000000
63,0.000000,0.016135,0.271861,0.537989,0.170712,0.000000,0.000000,0.003303,0.000000
64,0.000000,0.010017,0.250654,0.555474,0.181829,0.000000,0.000000,0.002027,0.000000
65,0.000000,0.000000,0.225045,0.545543,0.229412,0.000000,0.000000,0.000000,0.000000
66,0.000000,0.000000,0.190686,0.510207,0.299108,0.000000,0.000000,0.000000,0.000000
66,0.000000,0.000000,0.190686,0.510207,0.299108,0.000000,0.000000,0.000000,0.000000
66,0.000000,0.000000,0.190686,0.510207,0.299108,0.000000,0.000000,0.000000,0.000000
66,0.000000,0.000000,0.190686,0.510207,0.299108,0.000000,0.000000,0.000000,0.000000
66,0.000000,0.000000,0.190686,0.510207,0.299108,0.000000,0.000000,0.000000,0.000000
