#!/usr/bin/env -S gnuplot -p
set datafile separator comma

$CSVData << EOF
"x","savannah","grassland","tundra","plains","prairie","desert","swamp","marsh","arctic"
"1","-nan","-nan","-nan","-nan","-nan","-nan","-nan","-nan","-nan"
"2","0.000000","0.000000","0.000000","0.000000","0.000000","0.000000","0.000000","0.000000","1.000000"
"3","0.045107","0.117278","0.008433","0.141008","0.163561","0.051383","0.028633","0.035889","0.408708"
"4","0.057448","0.152366","0.017952","0.202633","0.214693","0.072823","0.039588","0.055054","0.187442"
"5","0.061589","0.152401","0.036989","0.226852","0.227860","0.079727","0.035033","0.055009","0.124541"
"6","0.070962","0.148916","0.055422","0.238198","0.226658","0.084818","0.037187","0.049863","0.087976"
"7","0.073437","0.143182","0.070060","0.250071","0.225929","0.081832","0.037334","0.049736","0.068419"
"8","0.074167","0.142552","0.080519","0.257289","0.224188","0.081363","0.036624","0.048361","0.054937"
"9","0.073221","0.140601","0.084479","0.260752","0.229149","0.080621","0.037928","0.046741","0.046509"
"10","0.075560","0.137174","0.092507","0.270358","0.223316","0.080803","0.035927","0.043014","0.041342"
"11","0.074276","0.131266","0.098993","0.276491","0.219784","0.080345","0.038111","0.041154","0.039580"
"12","0.074699","0.126309","0.103253","0.281560","0.221518","0.081935","0.034778","0.037594","0.038353"
"13","0.075331","0.126371","0.110003","0.280580","0.215239","0.080375","0.036429","0.038398","0.037275"
"14","0.078590","0.119907","0.115864","0.286374","0.208615","0.082027","0.035243","0.036586","0.036794"
"15","0.076498","0.117235","0.119849","0.288229","0.211432","0.080041","0.034470","0.036895","0.035352"
"16","0.077862","0.117003","0.121493","0.293101","0.208333","0.078096","0.034231","0.034839","0.035042"
"17","0.077813","0.114395","0.123179","0.291600","0.206589","0.082213","0.033908","0.035276","0.035027"
"18","0.076667","0.114542","0.125136","0.291048","0.206874","0.082049","0.034417","0.033424","0.035844"
"19","0.079678","0.111652","0.126794","0.292102","0.204876","0.082112","0.032764","0.034329","0.035693"
"20","0.079220","0.110066","0.127671","0.293063","0.206999","0.080407","0.032758","0.033498","0.036319"
"21","0.079072","0.108936","0.129654","0.294348","0.202546","0.084093","0.032599","0.033155","0.035596"
"22","0.079365","0.109050","0.127430","0.299388","0.204011","0.080580","0.032346","0.031961","0.035868"
"23","0.080293","0.107691","0.127871","0.299122","0.204058","0.083174","0.031290","0.030738","0.035764"
"24","0.079625","0.109622","0.130248","0.296022","0.202401","0.082075","0.033642","0.030870","0.035494"
"25","0.079144","0.107977","0.129808","0.299624","0.204488","0.079771","0.033052","0.031202","0.034932"
"26","0.081551","0.104516","0.130592","0.297524","0.205739","0.082761","0.031284","0.030534","0.035498"
"27","0.080793","0.110165","0.131051","0.295327","0.204092","0.081236","0.031880","0.030702","0.034754"
"28","0.079205","0.108777","0.127446","0.300780","0.202752","0.083670","0.032462","0.030183","0.034725"
"29","0.081104","0.105619","0.129828","0.297148","0.204168","0.083247","0.032625","0.031340","0.034921"
"30","0.080562","0.108409","0.129819","0.298344","0.202428","0.082947","0.030983","0.031442","0.035066"
"31","0.079610","0.106628","0.128506","0.300528","0.204528","0.080400","0.033069","0.030515","0.036217"
"32","0.080218","0.107783","0.127582","0.301304","0.205293","0.081350","0.031586","0.029293","0.035591"
"33","0.080018","0.108034","0.127931","0.300377","0.204136","0.080772","0.032121","0.031398","0.035212"
"34","0.080223","0.106821","0.126312","0.296581","0.208070","0.081834","0.032415","0.031831","0.035914"
"35","0.080018","0.107988","0.126614","0.300627","0.206338","0.078906","0.032001","0.031430","0.036078"
"36","0.079840","0.108538","0.122485","0.299300","0.207758","0.083153","0.031066","0.030911","0.036948"
"37","0.081130","0.110037","0.122740","0.297377","0.205543","0.082555","0.031990","0.032641","0.035987"
"38","0.078490","0.111974","0.121711","0.297795","0.208604","0.082093","0.032893","0.030393","0.036046"
"39","0.081065","0.110278","0.118705","0.298605","0.210731","0.079759","0.032572","0.032323","0.035961"
"40","0.079569","0.112730","0.117125","0.296505","0.212043","0.082280","0.030730","0.032865","0.036153"
"41","0.078601","0.114680","0.112913","0.296843","0.214316","0.079712","0.034421","0.032060","0.036454"
"42","0.077464","0.114911","0.112010","0.297447","0.216656","0.078536","0.032922","0.033489","0.036564"
"43","0.078823","0.112938","0.109508","0.298049","0.221013","0.076295","0.031957","0.034066","0.037351"
"44","0.078354","0.117228","0.104608","0.297879","0.220623","0.074978","0.032187","0.035481","0.038661"
"45","0.076087","0.119978","0.101247","0.296168","0.225147","0.073478","0.034164","0.035443","0.038287"
"46","0.078816","0.122169","0.099309","0.293160","0.225387","0.070244","0.036060","0.035814","0.039040"
"47","0.076442","0.128214","0.091154","0.290051","0.232185","0.065389","0.036967","0.038286","0.041314"
"48","0.071459","0.129478","0.086534","0.287974","0.236111","0.061046","0.040845","0.041249","0.045305"
"49","0.069974","0.129089","0.080087","0.284439","0.245153","0.052987","0.043807","0.043527","0.050937"
"50","0.061985","0.129087","0.059633","0.285874","0.258998","0.043049","0.050312","0.046401","0.064661"
"51","0.048434","0.134040","0.042659","0.279384","0.267874","0.030364","0.060068","0.050621","0.086555"
"52","0.031701","0.134490","0.023574","0.266052","0.260048","0.014569","0.070576","0.049345","0.149645"
"53","0.011236","0.082942","0.003677","0.196731","0.190807","0.000000","0.065373","0.039428","0.409806"
"54","0.000000","0.000000","0.000000","0.000000","0.000000","0.000000","0.000000","0.000000","1.000000"
"55","0.000000","0.000000","0.000000","0.000000","0.000000","0.000000","0.000000","0.000000","1.000000"
"56","-nan","-nan","-nan","-nan","-nan","-nan","-nan","-nan","-nan"
EOF

set title "Terrain Column Distribution (empirical) (bbtm) [2000]"
set key outside right
set grid
set xlabel "Map Column (X)"
set ylabel "Value"
set key autotitle columnhead
set xrange [1:56]
set yrange [0:0.4]
plot for [col=2:*] $CSVData using 1:col with lines lw 2
