y,savannah,grassland,tundra,plains,prairie,desert,swamp,marsh,arctic
4,0.000000,0.000000,0.240578,0.606503,0.152919,0.000000,0.000000,0.000000,0.000000
4,0.000000,0.000000,0.240578,0.606503,0.152919,0.000000,0.000000,0.000000,0.000000
4,0.000000,0.000000,0.240578,0.606503,0.152919,0.000000,0.000000,0.000000,0.000000
4,0.000000,0.000000,0.240578,0.606503,0.152919,0.000000,0.000000,0.000000,0.000000
5,0.000000,0.000000,0.253248,0.551547,0.195204,0.000000,0.000000,0.000000,0.000000
6,0.000000,0.000000,0.280027,0.562382,0.157591,0.000000,0.000000,0.000000,0.000000
7,0.000000,0.006429,0.320071,0.555038,0.117344,0.000000,0.000000,0.001118,0.000000
8,0.000000,0.009862,0.340517,0.537089,0.110565,0.000000,0.000000,0.001967,0.000000
9,0.000000,0.012244,0.350403,0.519325,0.115925,0.000000,0.000000,0.002102,0.000000
10,0.000000,0.013811,0.351605,0.510840,0.120987,0.000000,0.000000,0.002757,0.000000
11,0.000000,0.016304,0.344819,0.510853,0.125517,0.000000,0.000000,0.002506,0.000000
12,0.000000,0.015222,0.337194,0.510707,0.133828,0.000000,0.000000,0.003049,0.000000
13,0.000000,0.016711,0.325508,0.513329,0.140802,0.000000,0.000000,0.003649,0.000000
14,0.000000,0.016963,0.311154,0.519352,0.149138,0.000000,0.000000,0.003393,0.000000
15,0.000000,0.031436,0.290790,0.498885,0.167391,0.005266,0.000000,0.006232,0.000000
16,0.000000,0.043856,0.269886,0.475327,0.188168,0.012720,0.000000,0.010043,0.000000
17,0.000000,0.053580,0.250790,0.453727,0.207747,0.021808,0.000000,0.012347,0.000000
18,0.000000,0.050964,0.165142,0.499236,0.272066,0.003057,0.000000,0.009536,0.000000
19,0.000000,0.065174,0.187056,0.408110,0.257350,0.067267,0.000000,0.015042,0.000000
20,0.000000,0.070637,0.146859,0.382445,0.277942,0.106138,0.000000,0.015980,0.000000
21,0.000000,0.072078,0.106321,0.361573,0.298727,0.145271,0.000000,0.016030,0.000000
22,0.000000,0.076737,0.067034,0.333280,0.323235,0.181696,0.000000,0.018017,0.000000
23,0.000000,0.115269,0.056435,0.294263,0.318779,0.184363,0.000000,0.030891,0.000000
24,0.000000,0.156000,0.044193,0.263136,0.310044,0.179879,0.000000,0.046747,0.000000
25,0.000000,0.196418,0.036284,0.224353,0.300291,0.186028,0.000000,0.056627,0.000000
26,0.000000,0.233483,0.029489,0.187126,0.288537,0.188526,0.000000,0.072840,0.000000
27,0.044499,0.232798,0.020490,0.147089,0.274354,0.192117,0.019984,0.068669,0.000000
28,0.125970,0.214713,0.013165,0.103144,0.239806,0.180255,0.055224,0.067724,0.000000
29,0.205514,0.200681,0.006030,0.065406,0.208897,0.170924,0.083932,0.058616,0.000000
30,0.267350,0.194025,0.000000,0.029252,0.184375,0.155631,0.110657,0.058711,0.000000
31,0.322659,0.181294,0.000000,0.021601,0.146345,0.140604,0.132167,0.055329,0.000000
32,0.354322,0.182858,0.000000,0.015679,0.114514,0.128507,0.151204,0.052916,0.000000
33,0.394560,0.178291,0.000000,0.010734,0.085348,0.114957,0.159643,0.056466,0.000000
34,0.413162,0.168223,0.000000,0.007522,0.068989,0.118436,0.170836,0.052833,0.000000
35,0.477772,0.171432,0.000000,0.005211,0.054584,0.130557,0.116282,0.044161,0.000000
36,0.478090,0.173404,0.000000,0.005025,0.051992,0.132684,0.115324,0.043481,0.000000
37,0.461377,0.171295,0.000000,0.005224,0.058907,0.151644,0.108091,0.043463,0.000000
38,0.380196,0.183641,0.000000,0.010611,0.091640,0.123631,0.153478,0.056804,0.000000
39,0.342466,0.181685,0.000000,0.015582,0.123641,0.139517,0.139562,0.057547,0.000000
40,0.293685,0.191869,0.000000,0.023798,0.157344,0.153040,0.121129,0.059134,0.000000
41,0.236575,0.206295,0.000000,0.032942,0.194562,0.170171,0.096435,0.063019,0.000000
42,0.169467,0.212415,0.006744,0.069497,0.222588,0.184513,0.072564,0.062211,0.000000
43,0.089468,0.230676,0.014863,0.113208,0.252287,0.192903,0.037191,0.069405,0.000000
44,0.044332,0.231114,0.022436,0.147715,0.270698,0.190247,0.019826,0.073632,0.000000
45,0.000000,0.231703,0.029801,0.186209,0.290648,0.190308,0.000000,0.071332,0.000000
46,0.000000,0.195105,0.037550,0.225459,0.296404,0.188136,0.000000,0.057347,0.000000
47,0.000000,0.158150,0.045439,0.255987,0.309727,0.186782,0.000000,0.043915,0.000000
48,0.000000,0.117672,0.052042,0.294170,0.319215,0.183348,0.000000,0.033553,0.000000
49,0.000000,0.077835,0.062989,0.334278,0.316530,0.188649,0.000000,0.019719,0.000000
50,0.000000,0.075646,0.096442,0.360872,0.309211,0.139606,0.000000,0.018222,0.000000
51,0.000000,0.071385,0.140463,0.382818,0.284625,0.103469,0.000000,0.017241,0.000000
52,0.000000,0.069744,0.178456,0.407655,0.260230,0.066639,0.000000,0.017275,0.000000
53,0.000000,0.064671,0.225532,0.428532,0.236591,0.028269,0.000000,0.016404,0.000000
54,0.000000,0.038347,0.202089,0.517931,0.230982,0.002875,0.000000,0.007775,0.000000
55,0.000000,0.039547,0.288808,0.470404,0.177002,0.014567,0.000000,0.009673,0.000000
56,0.000000,0.030808,0.302904,0.493302,0.160007,0.006245,0.000000,0.006733,0.000000
57,0.000000,0.016037,0.326926,0.515747,0.138547,0.000000,0.000000,0.002743,0.000000
58,0.000000,0.016722,0.332731,0.512172,0.135255,0.000000,0.000000,0.003119,0.000000
59,0.000000,0.014782,0.344624,0.504915,0.132941,0.000000,0.000000,0.002737,0.000000
60,0.000000,0.014528,0.352672,0.507555,0.122869,0.000000,0.000000,0.002377,0.000000
61,0.000000,0.012907,0.363697,0.505695,0.114941,0.000000,0.000000,0.002760,0.000000
62,0.000000,0.011259,0.369184,0.506169,0.111280,0.000000,0.000000,0.002108,0.000000
63,0.000000,0.009456,0.364311,0.518301,0.106410,0.000000,0.000000,0.001522,0.000000
64,0.000000,0.005398,0.343116,0.537282,0.113084,0.000000,0.000000,0.001121,0.000000
65,0.000000,0.000000,0.308050,0.558581,0.133369,0.000000,0.000000,0.000000,0.000000
66,0.000000,0.000000,0.262604,0.535555,0.201841,0.000000,0.000000,0.000000,0.000000
66,0.000000,0.000000,0.262604,0.535555,0.201841,0.000000,0.000000,0.000000,0.000000
66,0.000000,0.000000,0.262604,0.535555,0.201841,0.000000,0.000000,0.000000,0.000000
66,0.000000,0.000000,0.262604,0.535555,0.201841,0.000000,0.000000,0.000000,0.000000
66,0.000000,0.000000,0.262604,0.535555,0.201841,0.000000,0.000000,0.000000,0.000000
