#!/usr/bin/env -S gnuplot -p
set datafile separator comma

$CSVData << EOF
"x","savannah","grassland","tundra","plains","prairie","desert","swamp","marsh","arctic"
"1","-nan","-nan","-nan","-nan","-nan","-nan","-nan","-nan","-nan"
"2","0.000000","0.000000","0.000000","0.000000","0.000000","0.000000","0.000000","0.000000","1.000000"
"3","0.044564","0.110996","0.009697","0.155148","0.149577","0.052404","0.028471","0.039406","0.409738"
"4","0.063664","0.124085","0.050690","0.222871","0.194699","0.077379","0.031693","0.043277","0.191641"
"5","0.067711","0.124157","0.101145","0.239217","0.176807","0.085964","0.033855","0.041446","0.129699"
"6","0.072086","0.115979","0.120214","0.262032","0.176171","0.092021","0.033455","0.038717","0.089326"
"7","0.073789","0.110858","0.131768","0.266388","0.183538","0.093717","0.033552","0.037354","0.069037"
"8","0.076333","0.108097","0.139167","0.275480","0.184133","0.091893","0.033278","0.037521","0.054098"
"9","0.076189","0.106682","0.146458","0.280757","0.182153","0.093043","0.033051","0.034997","0.046669"
"10","0.077288","0.102684","0.148502","0.290476","0.183958","0.090650","0.032362","0.031792","0.042288"
"11","0.078382","0.100487","0.152847","0.295216","0.183985","0.089249","0.030079","0.029709","0.040047"
"12","0.079083","0.098584","0.155117","0.295313","0.184167","0.088547","0.031222","0.028965","0.039002"
"13","0.079555","0.100767","0.157855","0.297871","0.181593","0.086919","0.029684","0.028153","0.037602"
"14","0.082070","0.095716","0.159756","0.299201","0.180369","0.087666","0.030258","0.028297","0.036667"
"15","0.082142","0.095592","0.159937","0.301919","0.178173","0.088090","0.028579","0.027967","0.037603"
"16","0.084352","0.094747","0.159939","0.300251","0.180945","0.086524","0.030812","0.026483","0.035947"
"17","0.083459","0.093352","0.161731","0.300694","0.179916","0.087636","0.030268","0.026541","0.036403"
"18","0.084507","0.093118","0.162206","0.302014","0.179381","0.088066","0.029469","0.025350","0.035889"
"19","0.085812","0.091419","0.164924","0.298840","0.179172","0.089647","0.029143","0.025246","0.035797"
"20","0.083795","0.095014","0.165349","0.299345","0.179208","0.089857","0.027533","0.024862","0.035037"
"21","0.084388","0.093552","0.167259","0.302936","0.176162","0.086334","0.029207","0.025300","0.034862"
"22","0.084517","0.093779","0.167173","0.300548","0.178449","0.087920","0.028060","0.024490","0.035064"
"23","0.083318","0.094549","0.165967","0.299534","0.182113","0.087944","0.027514","0.025383","0.033677"
"24","0.083479","0.093840","0.165879","0.303866","0.179354","0.086532","0.026798","0.025735","0.034516"
"25","0.081436","0.090302","0.168944","0.304078","0.176489","0.090818","0.028178","0.024519","0.035237"
"26","0.082067","0.092191","0.167879","0.307018","0.179418","0.084777","0.027630","0.023839","0.035180"
"27","0.082758","0.092200","0.167478","0.306036","0.178090","0.086498","0.027566","0.024221","0.035153"
"28","0.083397","0.090780","0.167357","0.306412","0.176248","0.089943","0.026840","0.023765","0.035259"
"29","0.083157","0.091703","0.166863","0.300639","0.181009","0.088895","0.027439","0.025455","0.034841"
"30","0.084806","0.092408","0.166367","0.299906","0.178493","0.088812","0.028396","0.025212","0.035601"
"31","0.084864","0.094495","0.166800","0.301534","0.178991","0.086275","0.027511","0.024965","0.034565"
"32","0.083922","0.092680","0.166769","0.302993","0.178354","0.087717","0.028010","0.024399","0.035155"
"33","0.082869","0.091566","0.165953","0.303578","0.178316","0.086719","0.029111","0.025368","0.036519"
"34","0.085814","0.091838","0.165188","0.302859","0.179855","0.086800","0.028363","0.024835","0.034449"
"35","0.081841","0.092375","0.161241","0.309001","0.177180","0.089196","0.029282","0.024399","0.035485"
"36","0.084518","0.091843","0.162971","0.303983","0.180937","0.088019","0.027901","0.024324","0.035503"
"37","0.086060","0.091844","0.159908","0.302341","0.181943","0.088156","0.028386","0.025539","0.035822"
"38","0.084506","0.094616","0.154879","0.306439","0.179749","0.088498","0.029122","0.026812","0.035378"
"39","0.085522","0.093404","0.156201","0.302020","0.185996","0.087823","0.028063","0.025287","0.035684"
"40","0.084309","0.093735","0.153539","0.304753","0.184497","0.088852","0.029279","0.025782","0.035254"
"41","0.084892","0.094383","0.151763","0.305326","0.186796","0.087063","0.028489","0.026147","0.035142"
"42","0.085034","0.095426","0.149315","0.307032","0.184927","0.087213","0.028433","0.026255","0.036365"
"43","0.084967","0.097299","0.148610","0.305276","0.187272","0.084602","0.028460","0.026394","0.037121"
"44","0.083519","0.097995","0.145634","0.302913","0.191403","0.082446","0.030545","0.027666","0.037880"
"45","0.081618","0.095342","0.140273","0.304672","0.198641","0.082343","0.030668","0.027819","0.038626"
"46","0.082787","0.099443","0.132967","0.305714","0.199873","0.079808","0.030439","0.028359","0.040609"
"47","0.079645","0.103834","0.127118","0.303427","0.203461","0.077682","0.033492","0.029718","0.041624"
"48","0.078502","0.106507","0.115649","0.303476","0.212869","0.071350","0.034431","0.031674","0.045542"
"49","0.075883","0.108002","0.109037","0.301078","0.215860","0.066692","0.037388","0.032624","0.053436"
"50","0.069235","0.110470","0.099386","0.300890","0.221830","0.058213","0.038655","0.034971","0.066349"
"51","0.060652","0.112355","0.067871","0.300579","0.240533","0.041285","0.045521","0.040463","0.090740"
"52","0.046982","0.121415","0.032603","0.288504","0.236448","0.021223","0.055671","0.040215","0.156940"
"53","0.024550","0.081270","0.001905","0.198730","0.171005","0.003175","0.048677","0.030476","0.440212"
"54","0.000000","0.000000","0.000000","0.000000","0.000000","0.000000","0.000000","0.000000","1.000000"
"55","0.000000","0.000000","0.000000","0.000000","0.000000","0.000000","0.000000","0.000000","1.000000"
"56","-nan","-nan","-nan","-nan","-nan","-nan","-nan","-nan","-nan"
EOF

set title "Terrain Column Distribution (empirical) (bbtt) [2000]"
set key outside right
set grid
set xlabel "Map Column (X)"
set ylabel "Value"
set key autotitle columnhead
set xrange [1:56]
set yrange [0:0.4]
plot for [col=2:*] $CSVData using 1:col with lines lw 2
