#!/usr/bin/env -S gnuplot -p
set datafile separator comma

$CSVData << EOF
"y","savannah","grassland","tundra","plains","prairie","desert","swamp","marsh","arctic"
"4","0.000000","0.000000","0.107112","0.513685","0.379203","0.000000","0.000000","0.000000","0.000000"
"4","0.000000","0.000000","0.107112","0.513685","0.379203","0.000000","0.000000","0.000000","0.000000"
"4","0.000000","0.000000","0.107112","0.513685","0.379203","0.000000","0.000000","0.000000","0.000000"
"4","0.000000","0.000000","0.107112","0.513685","0.379203","0.000000","0.000000","0.000000","0.000000"
"5","0.000000","0.018697","0.139763","0.539498","0.298925","0.000000","0.000000","0.003116","0.000000"
"6","0.000000","0.042549","0.119429","0.464002","0.365801","0.000000","0.000000","0.008219","0.000000"
"7","0.000000","0.053895","0.141104","0.494952","0.301041","0.000000","0.000000","0.009008","0.000000"
"8","0.000000","0.054850","0.157873","0.502696","0.273451","0.000000","0.000000","0.011130","0.000000"
"9","0.000000","0.059577","0.172264","0.501083","0.256538","0.000000","0.000000","0.010538","0.000000"
"10","0.000000","0.063412","0.174360","0.497161","0.253190","0.000000","0.000000","0.011876","0.000000"
"11","0.000000","0.065020","0.175048","0.493076","0.254592","0.000000","0.000000","0.012265","0.000000"
"12","0.000000","0.069457","0.169117","0.485169","0.262896","0.000000","0.000000","0.013360","0.000000"
"13","0.000000","0.087700","0.162111","0.470771","0.257521","0.002635","0.000000","0.019262","0.000000"
"14","0.000000","0.106986","0.151488","0.437667","0.272134","0.004544","0.000000","0.027180","0.000000"
"15","0.000000","0.124939","0.139898","0.420586","0.274126","0.007696","0.000000","0.032754","0.000000"
"16","0.000000","0.143458","0.124632","0.388972","0.293075","0.012158","0.000000","0.037706","0.000000"
"17","0.000000","0.132623","0.104435","0.371430","0.311848","0.044588","0.000000","0.035077","0.000000"
"18","0.000000","0.127557","0.085309","0.346627","0.331143","0.077659","0.000000","0.031705","0.000000"
"19","0.000000","0.126286","0.062725","0.314827","0.351622","0.110148","0.000000","0.034392","0.000000"
"20","0.000000","0.134597","0.036806","0.272644","0.374199","0.145445","0.000000","0.036309","0.000000"
"21","0.000000","0.164709","0.033424","0.245950","0.354559","0.151051","0.000000","0.050307","0.000000"
"22","0.000000","0.204280","0.026746","0.211151","0.337563","0.149025","0.000000","0.071235","0.000000"
"23","0.000000","0.238381","0.021603","0.185529","0.318710","0.150426","0.000000","0.085351","0.000000"
"24","0.000000","0.274756","0.016376","0.157635","0.295212","0.156204","0.000000","0.099817","0.000000"
"25","0.036599","0.274045","0.012191","0.123126","0.273225","0.155758","0.024408","0.100648","0.000000"
"26","0.076381","0.264361","0.007417","0.093688","0.249974","0.159732","0.049342","0.099106","0.000000"
"27","0.117328","0.261039","0.004410","0.062735","0.230089","0.162082","0.070120","0.092197","0.000000"
"28","0.185363","0.237433","0.000000","0.028110","0.192358","0.157332","0.112283","0.087122","0.000000"
"29","0.258142","0.204601","0.000000","0.021843","0.154247","0.147739","0.140493","0.072934","0.000000"
"30","0.315138","0.175434","0.000000","0.016770","0.117916","0.135293","0.175382","0.064068","0.000000"
"31","0.386296","0.140841","0.000000","0.009861","0.088853","0.128508","0.194716","0.050925","0.000000"
"32","0.421964","0.131257","0.000000","0.006011","0.062370","0.112346","0.215889","0.050162","0.000000"
"33","0.452066","0.137130","0.000000","0.005061","0.046243","0.081617","0.227964","0.049919","0.000000"
"34","0.471334","0.150438","0.000000","0.003972","0.033816","0.046924","0.236395","0.057119","0.000000"
"35","0.480578","0.170806","0.000000","0.002633","0.023095","0.021989","0.237063","0.063835","0.000000"
"36","0.480031","0.170241","0.000000","0.003109","0.025133","0.023948","0.235576","0.061963","0.000000"
"37","0.464042","0.155427","0.000000","0.004295","0.035523","0.051835","0.230927","0.057949","0.000000"
"38","0.436145","0.143186","0.000000","0.005098","0.050665","0.085932","0.225249","0.053724","0.000000"
"39","0.403376","0.135691","0.000000","0.007766","0.066670","0.127027","0.208859","0.050610","0.000000"
"40","0.359288","0.153063","0.000000","0.010153","0.096544","0.138007","0.184614","0.058331","0.000000"
"41","0.297108","0.184987","0.000000","0.017945","0.126090","0.151510","0.155565","0.066796","0.000000"
"42","0.228206","0.217414","0.000000","0.023910","0.161659","0.160998","0.129391","0.078423","0.000000"
"43","0.159672","0.261115","0.000000","0.030875","0.199100","0.166265","0.089448","0.093526","0.000000"
"44","0.116303","0.257400","0.003770","0.062120","0.225464","0.169397","0.070058","0.095490","0.000000"
"45","0.078683","0.268073","0.006999","0.090321","0.248615","0.161793","0.047507","0.098009","0.000000"
"46","0.037426","0.270275","0.012703","0.123511","0.270563","0.158863","0.024303","0.102357","0.000000"
"47","0.000000","0.275382","0.017069","0.152842","0.297907","0.157384","0.000000","0.099415","0.000000"
"48","0.000000","0.242212","0.020828","0.183238","0.311247","0.155152","0.000000","0.087322","0.000000"
"49","0.000000","0.205021","0.025605","0.208053","0.335970","0.153416","0.000000","0.071935","0.000000"
"50","0.000000","0.176258","0.031018","0.235002","0.356951","0.144655","0.000000","0.056115","0.000000"
"51","0.000000","0.137991","0.036058","0.270219","0.372657","0.145080","0.000000","0.037996","0.000000"
"52","0.000000","0.135535","0.061228","0.304895","0.352248","0.110466","0.000000","0.035628","0.000000"
"53","0.000000","0.130388","0.083260","0.342764","0.329572","0.079658","0.000000","0.034359","0.000000"
"54","0.000000","0.128206","0.109280","0.375050","0.310960","0.042292","0.000000","0.034211","0.000000"
"55","0.000000","0.135593","0.128409","0.397297","0.291884","0.011137","0.000000","0.035681","0.000000"
"56","0.000000","0.120354","0.144613","0.417272","0.276908","0.008687","0.000000","0.032166","0.000000"
"57","0.000000","0.098881","0.159461","0.445691","0.264788","0.005260","0.000000","0.025920","0.000000"
"58","0.000000","0.084180","0.174594","0.469171","0.251565","0.002114","0.000000","0.018375","0.000000"
"59","0.000000","0.062806","0.183988","0.490294","0.251336","0.000000","0.000000","0.011575","0.000000"
"60","0.000000","0.061790","0.184974","0.499915","0.242422","0.000000","0.000000","0.010899","0.000000"
"61","0.000000","0.057031","0.187548","0.505524","0.238379","0.000000","0.000000","0.011518","0.000000"
"62","0.000000","0.056196","0.179802","0.512643","0.241251","0.000000","0.000000","0.010108","0.000000"
"63","0.000000","0.049174","0.176765","0.509670","0.254950","0.000000","0.000000","0.009440","0.000000"
"64","0.000000","0.044530","0.161390","0.504074","0.280342","0.000000","0.000000","0.009663","0.000000"
"65","0.000000","0.037019","0.139005","0.494688","0.322628","0.000000","0.000000","0.006660","0.000000"
"66","0.000000","0.022526","0.139244","0.474479","0.359719","0.000000","0.000000","0.004033","0.000000"
"66","0.000000","0.022526","0.139244","0.474479","0.359719","0.000000","0.000000","0.004033","0.000000"
"66","0.000000","0.022526","0.139244","0.474479","0.359719","0.000000","0.000000","0.004033","0.000000"
"66","0.000000","0.022526","0.139244","0.474479","0.359719","0.000000","0.000000","0.004033","0.000000"
"66","0.000000","0.022526","0.139244","0.474479","0.359719","0.000000","0.000000","0.004033","0.000000"
EOF

set title "Terrain Distribution (empirical) (bmmm) [2000]"
set key outside right
set grid
set xlabel "Map Row (Y)"
set ylabel "Value"
set key autotitle columnhead
set yrange [0:0.7]
plot for [col=2:*] $CSVData using 1:col with lines lw 2
