#!/usr/bin/env -S gnuplot -p
set datafile separator comma

$CSVData << EOF
"x","savannah","grassland","tundra","plains","prairie","desert","swamp","marsh","arctic"
"1","-nan","-nan","-nan","-nan","-nan","-nan","-nan","-nan","-nan"
"2","0.000000","0.000000","0.000000","0.000000","0.000000","0.000000","0.000000","0.000000","1.000000"
"3","0.000000","0.000000","0.000000","0.000000","0.000000","0.000000","0.000000","0.000000","1.000000"
"4","0.076827","0.173342","0.009391","0.138719","0.196425","0.067323","0.048201","0.063023","0.226748"
"5","0.086664","0.184669","0.017011","0.156318","0.220861","0.072174","0.052643","0.063843","0.145817"
"6","0.088078","0.182153","0.032702","0.170765","0.224831","0.078807","0.057342","0.060214","0.105109"
"7","0.094545","0.171568","0.044263","0.183529","0.230040","0.077556","0.057024","0.059729","0.081746"
"8","0.099985","0.168536","0.047506","0.202325","0.229198","0.075997","0.054305","0.058808","0.063341"
"9","0.097981","0.165076","0.054800","0.204833","0.234245","0.079089","0.054650","0.055275","0.054051"
"10","0.096261","0.160314","0.060625","0.212166","0.226352","0.080134","0.057806","0.056859","0.049484"
"11","0.098825","0.154542","0.064422","0.220726","0.228362","0.079127","0.056199","0.051731","0.046067"
"12","0.100120","0.151676","0.066321","0.224960","0.228093","0.080527","0.053771","0.050160","0.044374"
"13","0.100006","0.148146","0.069052","0.228373","0.227010","0.079651","0.053479","0.050829","0.043455"
"14","0.103950","0.145063","0.072307","0.231647","0.223114","0.079343","0.054492","0.048990","0.041094"
"15","0.103876","0.139994","0.074053","0.237704","0.223939","0.080073","0.053076","0.046579","0.040706"
"16","0.103116","0.138134","0.075166","0.240815","0.223088","0.080695","0.053053","0.044716","0.041217"
"17","0.101757","0.138766","0.078302","0.239587","0.225492","0.079508","0.052183","0.044263","0.040141"
"18","0.103534","0.134093","0.080481","0.239311","0.223834","0.080642","0.052251","0.044495","0.041360"
"19","0.102935","0.134596","0.082337","0.240822","0.222910","0.079811","0.051974","0.044575","0.040039"
"20","0.102974","0.134272","0.081271","0.246362","0.221066","0.080669","0.051089","0.042893","0.039405"
"21","0.104219","0.135549","0.080626","0.248189","0.217845","0.080854","0.049807","0.042651","0.040260"
"22","0.104364","0.133589","0.082798","0.246739","0.217303","0.081759","0.050281","0.043908","0.039260"
"23","0.103340","0.131519","0.082320","0.247507","0.217270","0.080984","0.053966","0.042374","0.040720"
"24","0.104578","0.133336","0.082940","0.246226","0.218292","0.081169","0.050676","0.040909","0.041873"
"25","0.103655","0.132376","0.083364","0.250392","0.218134","0.081727","0.048924","0.041532","0.039896"
"26","0.101519","0.132505","0.083820","0.248225","0.221914","0.079883","0.050162","0.042077","0.039897"
"27","0.102142","0.133680","0.084588","0.248153","0.218568","0.081352","0.050077","0.041687","0.039752"
"28","0.102625","0.132426","0.084117","0.249339","0.220746","0.079932","0.049868","0.040710","0.040237"
"29","0.104979","0.131162","0.083352","0.249619","0.220053","0.082143","0.048441","0.040747","0.039503"
"30","0.106128","0.132290","0.084742","0.250601","0.218217","0.079060","0.048977","0.040506","0.039478"
"31","0.107648","0.130877","0.083371","0.251387","0.217372","0.081957","0.048832","0.040455","0.038099"
"32","0.105969","0.133060","0.082656","0.249943","0.218812","0.081134","0.047921","0.040873","0.039631"
"33","0.106561","0.128362","0.081405","0.249890","0.222398","0.080088","0.050136","0.041563","0.039596"
"34","0.103501","0.132028","0.081346","0.250463","0.220241","0.081028","0.051018","0.040991","0.039384"
"35","0.105134","0.130494","0.080196","0.246865","0.221400","0.082710","0.049999","0.042437","0.040766"
"36","0.104756","0.135568","0.080008","0.244402","0.221869","0.080624","0.049935","0.042219","0.040619"
"37","0.106265","0.136451","0.077534","0.244750","0.225134","0.080602","0.049732","0.040704","0.038828"
"38","0.107154","0.134374","0.078087","0.244642","0.222560","0.080498","0.050604","0.042897","0.039184"
"39","0.107702","0.135396","0.075731","0.244831","0.224930","0.078258","0.050935","0.042876","0.039341"
"40","0.103801","0.137307","0.074402","0.247045","0.226669","0.076842","0.051497","0.042815","0.039623"
"41","0.102571","0.140361","0.075363","0.242027","0.226940","0.075743","0.051846","0.043832","0.041318"
"42","0.099071","0.137987","0.071554","0.244401","0.234195","0.076144","0.050040","0.044992","0.041615"
"43","0.100495","0.141324","0.070550","0.242453","0.234444","0.071539","0.051900","0.044395","0.042901"
"44","0.100699","0.142729","0.067286","0.241225","0.235539","0.070196","0.051202","0.047276","0.043849"
"45","0.097131","0.148637","0.065456","0.240362","0.235196","0.068019","0.054388","0.046797","0.044015"
"46","0.097037","0.149455","0.060907","0.235516","0.241934","0.064880","0.055053","0.049575","0.045644"
"47","0.096136","0.150674","0.055881","0.235414","0.245802","0.060135","0.054740","0.052344","0.048874"
"48","0.089270","0.156475","0.048489","0.229098","0.252617","0.055261","0.060753","0.056665","0.051370"
"49","0.083977","0.158718","0.040848","0.224965","0.258145","0.046207","0.067159","0.059662","0.060318"
"50","0.075503","0.161240","0.024597","0.214230","0.271016","0.031221","0.079857","0.063186","0.079150"
"51","0.044836","0.160649","0.013820","0.203825","0.277159","0.015856","0.100118","0.068406","0.115331"
"52","0.016929","0.128290","0.004100","0.186219","0.245073","0.000265","0.097871","0.054755","0.266499"
"53","0.000000","0.000000","0.000000","0.000000","0.000000","0.000000","0.000000","0.000000","1.000000"
"54","0.000000","0.000000","0.000000","0.000000","0.000000","0.000000","0.000000","0.000000","1.000000"
"55","0.000000","0.000000","0.000000","0.000000","0.000000","0.000000","0.000000","0.000000","1.000000"
"56","-nan","-nan","-nan","-nan","-nan","-nan","-nan","-nan","-nan"
EOF

set title "Terrain Column Distribution (empirical) (bmmm) [2000]"
set key outside right
set grid
set xlabel "Map Column (X)"
set ylabel "Value"
set key autotitle columnhead
set xrange [1:56]
set yrange [0:0.4]
plot for [col=2:*] $CSVData using 1:col with lines lw 2
