#!/usr/bin/env -S gnuplot -p
set datafile separator comma

$CSVData << EOF
"x","savannah","grassland","tundra","plains","prairie","desert","swamp","marsh","arctic"
"1","-nan","-nan","-nan","-nan","-nan","-nan","-nan","-nan","-nan"
"2","0.000000","0.000000","0.000000","0.000000","0.000000","0.000000","0.000000","0.000000","1.000000"
"3","0.056047","0.107556","0.002950","0.103699","0.130247","0.050147","0.040844","0.036306","0.472203"
"4","0.081706","0.151852","0.011560","0.158698","0.188552","0.071605","0.048709","0.054545","0.232772"
"5","0.091724","0.164111","0.026228","0.175150","0.207898","0.078314","0.049048","0.058754","0.148774"
"6","0.093160","0.165764","0.041007","0.189475","0.210662","0.084854","0.051995","0.054887","0.108196"
"7","0.099582","0.162304","0.049752","0.198544","0.218290","0.083708","0.051223","0.056024","0.080571"
"8","0.099548","0.160110","0.053479","0.208738","0.223082","0.086364","0.050652","0.053687","0.064341"
"9","0.099030","0.160026","0.057579","0.216475","0.225092","0.083053","0.050821","0.053108","0.054816"
"10","0.102488","0.154866","0.063638","0.218882","0.225758","0.080838","0.052067","0.050999","0.050465"
"11","0.103164","0.151965","0.066991","0.226825","0.223014","0.080834","0.050923","0.050161","0.046123"
"12","0.105453","0.148996","0.071211","0.230981","0.218402","0.082318","0.050705","0.048881","0.043053"
"13","0.106690","0.138488","0.072747","0.236711","0.223005","0.081821","0.051997","0.046017","0.042524"
"14","0.105227","0.140919","0.076263","0.237274","0.221508","0.080810","0.050996","0.044841","0.042161"
"15","0.105738","0.138172","0.076941","0.242081","0.222353","0.081810","0.050281","0.042136","0.040489"
"16","0.105003","0.133666","0.079783","0.247852","0.219422","0.080411","0.050815","0.043443","0.039605"
"17","0.103993","0.133733","0.082904","0.246395","0.217115","0.083046","0.048936","0.042655","0.041222"
"18","0.104535","0.131880","0.082546","0.248185","0.222232","0.079569","0.049193","0.041511","0.040348"
"19","0.104377","0.128201","0.084891","0.252310","0.217430","0.082228","0.049147","0.041335","0.040083"
"20","0.103479","0.132112","0.083855","0.252376","0.218541","0.082585","0.047570","0.039935","0.039547"
"21","0.104199","0.130510","0.085333","0.254513","0.215772","0.082787","0.048395","0.038476","0.040014"
"22","0.102196","0.127510","0.087490","0.250887","0.217289","0.083605","0.049422","0.040783","0.040818"
"23","0.102406","0.126986","0.086091","0.252515","0.220062","0.084225","0.047826","0.039527","0.040362"
"24","0.106307","0.131317","0.087438","0.249764","0.216209","0.081795","0.047279","0.039999","0.039892"
"25","0.107363","0.130917","0.087912","0.249472","0.214531","0.081783","0.049116","0.040039","0.038867"
"26","0.107496","0.130950","0.087081","0.250227","0.214264","0.083527","0.047476","0.038095","0.040884"
"27","0.104225","0.128378","0.087739","0.254949","0.213656","0.083313","0.048766","0.039098","0.039877"
"28","0.106369","0.126345","0.086587","0.258699","0.213499","0.081004","0.048000","0.039314","0.040183"
"29","0.104351","0.128672","0.086163","0.256111","0.217250","0.082815","0.048342","0.037874","0.038420"
"30","0.106109","0.127048","0.087818","0.253796","0.215484","0.083157","0.046628","0.039989","0.039972"
"31","0.106873","0.131004","0.087607","0.254259","0.213233","0.080831","0.046847","0.039292","0.040053"
"32","0.107241","0.127519","0.085811","0.257910","0.213702","0.082815","0.046566","0.037774","0.040663"
"33","0.106602","0.129024","0.084536","0.254229","0.216864","0.082475","0.047171","0.039869","0.039230"
"34","0.105108","0.130205","0.088673","0.252476","0.215062","0.080455","0.047531","0.040343","0.040148"
"35","0.105618","0.130718","0.085400","0.253501","0.221550","0.080075","0.046330","0.038200","0.038608"
"36","0.104137","0.129528","0.085387","0.255859","0.217738","0.081037","0.047852","0.039205","0.039258"
"37","0.102800","0.129842","0.083896","0.253696","0.221271","0.080041","0.047758","0.039567","0.041131"
"38","0.103421","0.132015","0.082879","0.253893","0.219401","0.079049","0.049100","0.040656","0.039587"
"39","0.101875","0.131429","0.082981","0.253276","0.222446","0.077031","0.049904","0.041473","0.039585"
"40","0.103882","0.132471","0.081599","0.253275","0.221642","0.075403","0.048970","0.041180","0.041578"
"41","0.103607","0.134036","0.081386","0.252894","0.223029","0.076036","0.048118","0.039728","0.041166"
"42","0.105520","0.135234","0.079956","0.250899","0.223233","0.074774","0.047845","0.040559","0.041979"
"43","0.104382","0.132736","0.077132","0.252212","0.226401","0.074251","0.047431","0.043186","0.042269"
"44","0.102007","0.138388","0.073923","0.250499","0.226886","0.071297","0.050062","0.044106","0.042831"
"45","0.100512","0.137978","0.070284","0.245160","0.233979","0.071343","0.052355","0.044430","0.043959"
"46","0.100409","0.140646","0.068786","0.246330","0.235680","0.066383","0.050887","0.045368","0.045511"
"47","0.098325","0.140511","0.064785","0.243754","0.238229","0.062769","0.054688","0.048361","0.048578"
"48","0.091642","0.144841","0.060710","0.242477","0.244572","0.058495","0.056232","0.050070","0.050960"
"49","0.086786","0.145371","0.056431","0.235235","0.247993","0.051758","0.062558","0.054276","0.059592"
"50","0.076495","0.147202","0.042389","0.235741","0.258527","0.040435","0.068827","0.053203","0.077182"
"51","0.062117","0.146386","0.032054","0.231115","0.253879","0.024959","0.081207","0.061505","0.106778"
"52","0.040073","0.134542","0.015956","0.216863","0.247325","0.013146","0.094379","0.053309","0.184406"
"53","0.011052","0.090101","0.001922","0.138635","0.168669","0.000000","0.068477","0.041807","0.479337"
"54","0.000000","0.000000","0.000000","0.000000","0.000000","0.000000","0.000000","0.000000","1.000000"
"55","0.000000","0.000000","0.000000","0.000000","0.000000","0.000000","0.000000","0.000000","1.000000"
"56","-nan","-nan","-nan","-nan","-nan","-nan","-nan","-nan","-nan"
EOF

set title "Terrain Column Distribution (empirical) (mbmm) [2000]"
set key outside right
set grid
set xlabel "Map Column (X)"
set ylabel "Value"
set key autotitle columnhead
set xrange [1:56]
set yrange [0:0.4]
plot for [col=2:*] $CSVData using 1:col with lines lw 2
