#!/usr/bin/env -S gnuplot -p
set datafile separator comma

$CSVData << EOF
"y","savannah","grassland","tundra","plains","prairie","desert","swamp","marsh","arctic"
"4","0.000000","0.000000","0.123721","0.557023","0.319256","0.000000","0.000000","0.000000","0.000000"
"4","0.000000","0.000000","0.123721","0.557023","0.319256","0.000000","0.000000","0.000000","0.000000"
"4","0.000000","0.000000","0.123721","0.557023","0.319256","0.000000","0.000000","0.000000","0.000000"
"4","0.000000","0.000000","0.123721","0.557023","0.319256","0.000000","0.000000","0.000000","0.000000"
"5","0.000000","0.020304","0.134082","0.507023","0.334568","0.000000","0.000000","0.004022","0.000000"
"6","0.000000","0.037739","0.148776","0.501202","0.304673","0.000000","0.000000","0.007610","0.000000"
"7","0.000000","0.042239","0.168063","0.517078","0.265207","0.000000","0.000000","0.007412","0.000000"
"8","0.000000","0.042949","0.187450","0.517996","0.243277","0.000000","0.000000","0.008329","0.000000"
"9","0.000000","0.047968","0.192968","0.518943","0.231386","0.000000","0.000000","0.008736","0.000000"
"10","0.000000","0.049850","0.193399","0.508630","0.237872","0.000000","0.000000","0.010249","0.000000"
"11","0.000000","0.052024","0.188591","0.508151","0.241365","0.000000","0.000000","0.009868","0.000000"
"12","0.000000","0.060304","0.180855","0.501247","0.247478","0.000000","0.000000","0.010117","0.000000"
"13","0.000000","0.075673","0.176025","0.474475","0.254444","0.001747","0.000000","0.017636","0.000000"
"14","0.000000","0.099280","0.158446","0.448559","0.264654","0.004179","0.000000","0.024882","0.000000"
"15","0.000000","0.119259","0.143510","0.421443","0.280232","0.007308","0.000000","0.028248","0.000000"
"16","0.000000","0.135979","0.129613","0.398429","0.290545","0.010783","0.000000","0.034652","0.000000"
"17","0.000000","0.128977","0.109454","0.377144","0.309136","0.043577","0.000000","0.031712","0.000000"
"18","0.000000","0.120043","0.089551","0.353581","0.328140","0.077044","0.000000","0.031641","0.000000"
"19","0.000000","0.120916","0.061598","0.321065","0.353150","0.112245","0.000000","0.031025","0.000000"
"20","0.000000","0.126872","0.038810","0.278923","0.370808","0.152104","0.000000","0.032483","0.000000"
"21","0.000000","0.156460","0.030859","0.253419","0.358455","0.152183","0.000000","0.048625","0.000000"
"22","0.000000","0.195252","0.026708","0.224239","0.334782","0.152010","0.000000","0.067009","0.000000"
"23","0.000000","0.236058","0.021816","0.189967","0.315757","0.157390","0.000000","0.079012","0.000000"
"24","0.000000","0.271525","0.015796","0.160158","0.296846","0.158411","0.000000","0.097264","0.000000"
"25","0.038056","0.266840","0.012411","0.126048","0.272223","0.165641","0.022436","0.096346","0.000000"
"26","0.081436","0.262341","0.007747","0.094762","0.246080","0.164036","0.046509","0.097089","0.000000"
"27","0.122675","0.257407","0.004161","0.062490","0.222690","0.172099","0.069036","0.089442","0.000000"
"28","0.193846","0.241135","0.000000","0.027894","0.190809","0.158066","0.105848","0.082403","0.000000"
"29","0.268153","0.198295","0.000000","0.021953","0.153382","0.153408","0.134633","0.070176","0.000000"
"30","0.325970","0.177102","0.000000","0.015470","0.119058","0.141383","0.162709","0.058308","0.000000"
"31","0.391180","0.146722","0.000000","0.010430","0.087124","0.128921","0.184781","0.050842","0.000000"
"32","0.434139","0.130519","0.000000","0.004946","0.061975","0.114633","0.205370","0.048418","0.000000"
"33","0.457467","0.139475","0.000000","0.004218","0.044629","0.081719","0.220509","0.051984","0.000000"
"34","0.475689","0.155655","0.000000","0.003511","0.033567","0.047984","0.228695","0.054899","0.000000"
"35","0.487885","0.174765","0.000000","0.002420","0.021197","0.021862","0.228809","0.063060","0.000000"
"36","0.486951","0.171292","0.000000","0.003015","0.024203","0.024577","0.226851","0.063110","0.000000"
"37","0.468251","0.155960","0.000000","0.003637","0.035784","0.056252","0.221980","0.058136","0.000000"
"38","0.442231","0.146423","0.000000","0.005041","0.048834","0.088788","0.213901","0.054782","0.000000"
"39","0.415529","0.139600","0.000000","0.006810","0.064693","0.127604","0.194797","0.050967","0.000000"
"40","0.363152","0.156515","0.000000","0.011397","0.094943","0.142891","0.174592","0.056510","0.000000"
"41","0.302614","0.184662","0.000000","0.016877","0.125539","0.157643","0.146755","0.065911","0.000000"
"42","0.231971","0.221494","0.000000","0.023420","0.163780","0.163170","0.119487","0.076678","0.000000"
"43","0.164319","0.255387","0.000000","0.029650","0.200032","0.172579","0.087785","0.090247","0.000000"
"44","0.118416","0.264091","0.003924","0.062131","0.224821","0.168300","0.068637","0.089681","0.000000"
"45","0.081249","0.266973","0.007978","0.094791","0.247080","0.168167","0.045191","0.088571","0.000000"
"46","0.037876","0.271904","0.011917","0.127907","0.267599","0.162344","0.024673","0.095779","0.000000"
"47","0.000000","0.269006","0.016513","0.159219","0.293115","0.164178","0.000000","0.097969","0.000000"
"48","0.000000","0.240317","0.020744","0.187655","0.312171","0.159400","0.000000","0.079713","0.000000"
"49","0.000000","0.201523","0.026028","0.215870","0.338797","0.152589","0.000000","0.065192","0.000000"
"50","0.000000","0.166091","0.028833","0.246058","0.354108","0.154178","0.000000","0.050732","0.000000"
"51","0.000000","0.128691","0.035950","0.275504","0.373947","0.153262","0.000000","0.032646","0.000000"
"52","0.000000","0.128904","0.061938","0.311712","0.353323","0.110041","0.000000","0.034082","0.000000"
"53","0.000000","0.123826","0.089131","0.347977","0.331543","0.078228","0.000000","0.029296","0.000000"
"54","0.000000","0.117491","0.116463","0.386947","0.306013","0.044747","0.000000","0.028339","0.000000"
"55","0.000000","0.123829","0.133385","0.413665","0.286067","0.011679","0.000000","0.031375","0.000000"
"56","0.000000","0.107929","0.153970","0.426763","0.274479","0.008887","0.000000","0.027973","0.000000"
"57","0.000000","0.090011","0.171663","0.450084","0.260971","0.005005","0.000000","0.022266","0.000000"
"58","0.000000","0.070682","0.185152","0.480706","0.244651","0.002883","0.000000","0.015926","0.000000"
"59","0.000000","0.050625","0.194131","0.506140","0.238766","0.000000","0.000000","0.010338","0.000000"
"60","0.000000","0.050720","0.200675","0.506026","0.232256","0.000000","0.000000","0.010323","0.000000"
"61","0.000000","0.047502","0.201043","0.513541","0.228820","0.000000","0.000000","0.009095","0.000000"
"62","0.000000","0.047625","0.195289","0.520538","0.228757","0.000000","0.000000","0.007791","0.000000"
"63","0.000000","0.045781","0.188463","0.523051","0.234662","0.000000","0.000000","0.008043","0.000000"
"64","0.000000","0.041066","0.176013","0.521164","0.253551","0.000000","0.000000","0.008206","0.000000"
"65","0.000000","0.031318","0.157398","0.514206","0.290823","0.000000","0.000000","0.006256","0.000000"
"66","0.000000","0.021388","0.139287","0.480090","0.355258","0.000000","0.000000","0.003977","0.000000"
"66","0.000000","0.021388","0.139287","0.480090","0.355258","0.000000","0.000000","0.003977","0.000000"
"66","0.000000","0.021388","0.139287","0.480090","0.355258","0.000000","0.000000","0.003977","0.000000"
"66","0.000000","0.021388","0.139287","0.480090","0.355258","0.000000","0.000000","0.003977","0.000000"
"66","0.000000","0.021388","0.139287","0.480090","0.355258","0.000000","0.000000","0.003977","0.000000"
EOF

set title "Terrain Distribution (empirical) (mbmm) [2000]"
set key outside right
set grid
set xlabel "Map Row (Y)"
set ylabel "Value"
set key autotitle columnhead
set yrange [0:0.7]
plot for [col=2:*] $CSVData using 1:col with lines lw 2
