#!/usr/bin/env -S gnuplot -p
set datafile separator comma

$CSVData << EOF
"x","savannah","grassland","tundra","plains","prairie","desert","swamp","marsh","arctic"
"1","-nan","-nan","-nan","-nan","-nan","-nan","-nan","-nan","-nan"
"2","0.000000","0.000000","0.000000","0.000000","0.000000","0.000000","0.000000","0.000000","1.000000"
"3","0.000000","0.000000","0.000000","0.000000","0.000000","0.000000","0.000000","0.000000","1.000000"
"4","0.068691","0.161084","0.006103","0.123332","0.186205","0.060460","0.047119","0.062021","0.284984"
"5","0.080576","0.178283","0.015136","0.140216","0.216442","0.063627","0.051573","0.065349","0.188797"
"6","0.084722","0.170495","0.029072","0.162489","0.218926","0.075141","0.053091","0.068054","0.138010"
"7","0.090983","0.174698","0.041063","0.172580","0.226592","0.078082","0.053338","0.061522","0.101141"
"8","0.089187","0.175450","0.042188","0.185478","0.234143","0.075346","0.057250","0.064392","0.076567"
"9","0.091148","0.175147","0.045187","0.190096","0.239152","0.073321","0.058372","0.061653","0.065924"
"10","0.092735","0.169046","0.049110","0.198286","0.241553","0.073279","0.055035","0.061374","0.059582"
"11","0.088699","0.164245","0.051868","0.204593","0.242137","0.073992","0.059770","0.059183","0.055513"
"12","0.094004","0.160261","0.056781","0.206912","0.239264","0.073817","0.057726","0.057847","0.053388"
"13","0.095193","0.160303","0.057596","0.209358","0.236336","0.076056","0.057900","0.056709","0.050548"
"14","0.095847","0.157033","0.055731","0.214856","0.234584","0.078596","0.057777","0.055708","0.049867"
"15","0.095662","0.157749","0.059420","0.218301","0.232679","0.076885","0.056420","0.054020","0.048864"
"16","0.098717","0.154905","0.061835","0.219586","0.231603","0.076413","0.056166","0.052839","0.047936"
"17","0.098206","0.150880","0.061275","0.224980","0.235084","0.076278","0.053959","0.050954","0.048384"
"18","0.099503","0.150464","0.063641","0.227548","0.230555","0.075276","0.055122","0.050983","0.046908"
"19","0.098502","0.150239","0.062578","0.227081","0.228303","0.076101","0.057801","0.051214","0.048182"
"20","0.099686","0.148821","0.063668","0.229529","0.229899","0.074628","0.056260","0.050312","0.047196"
"21","0.096706","0.150031","0.064898","0.229238","0.232950","0.073713","0.056170","0.048809","0.047485"
"22","0.095138","0.148437","0.062965","0.231103","0.235656","0.074574","0.053859","0.049285","0.048983"
"23","0.096906","0.147095","0.064805","0.230894","0.235680","0.073817","0.053897","0.048378","0.048529"
"24","0.100786","0.146085","0.065676","0.228411","0.231944","0.076747","0.054238","0.047905","0.048207"
"25","0.099473","0.146314","0.064579","0.228694","0.233602","0.077839","0.055064","0.047896","0.046540"
"26","0.098123","0.146157","0.065758","0.229552","0.232100","0.075775","0.054969","0.049661","0.047905"
"27","0.100222","0.145271","0.066189","0.230427","0.230959","0.075182","0.054661","0.050207","0.046882"
"28","0.100123","0.145809","0.066607","0.231851","0.232106","0.075400","0.054671","0.046791","0.046642"
"29","0.098906","0.147529","0.067370","0.229817","0.234115","0.074116","0.054624","0.046985","0.046538"
"30","0.098903","0.145912","0.066789","0.230539","0.234850","0.075132","0.053196","0.048758","0.045920"
"31","0.100490","0.146503","0.066013","0.231834","0.231429","0.073006","0.056461","0.047868","0.046397"
"32","0.100041","0.144816","0.063965","0.234878","0.231317","0.075116","0.054754","0.047718","0.047398"
"33","0.100173","0.143132","0.065037","0.233260","0.231550","0.074697","0.055611","0.049242","0.047297"
"34","0.098109","0.145846","0.066498","0.231726","0.231769","0.075772","0.053734","0.049001","0.047545"
"35","0.100872","0.145009","0.064030","0.232656","0.232721","0.075286","0.053640","0.047427","0.048358"
"36","0.098243","0.143614","0.062750","0.233491","0.235285","0.075417","0.055811","0.047922","0.047468"
"37","0.098819","0.145009","0.063531","0.232448","0.234572","0.074976","0.053777","0.049203","0.047664"
"38","0.097311","0.150139","0.061307","0.232826","0.235049","0.072727","0.053526","0.048906","0.048209"
"39","0.100096","0.147423","0.063197","0.229834","0.235081","0.073099","0.052507","0.050146","0.048616"
"40","0.101249","0.145616","0.062202","0.229869","0.233335","0.074232","0.054543","0.049709","0.049245"
"41","0.100428","0.151628","0.058958","0.228694","0.235144","0.070749","0.055855","0.049471","0.049072"
"42","0.098640","0.152519","0.059229","0.223094","0.241016","0.069594","0.055729","0.050490","0.049688"
"43","0.098804","0.155296","0.058534","0.220727","0.240239","0.068653","0.056991","0.051387","0.049368"
"44","0.096547","0.155273","0.056346","0.225245","0.239991","0.065609","0.057839","0.051283","0.051867"
"45","0.095832","0.155702","0.056209","0.220059","0.240307","0.063581","0.059337","0.054875","0.054099"
"46","0.094559","0.157682","0.054465","0.219409","0.242440","0.060661","0.059163","0.057080","0.054541"
"47","0.092389","0.159783","0.049989","0.219159","0.244154","0.056265","0.063479","0.057686","0.057096"
"48","0.087104","0.161368","0.044807","0.216063","0.250037","0.051743","0.066324","0.059476","0.063077"
"49","0.079526","0.163433","0.038668","0.213297","0.256589","0.044683","0.069337","0.061513","0.072954"
"50","0.068972","0.162695","0.024062","0.208431","0.268540","0.028424","0.079671","0.064609","0.094595"
"51","0.049167","0.162758","0.013924","0.203797","0.265157","0.013324","0.092338","0.066023","0.133511"
"52","0.017176","0.108887","0.003152","0.182792","0.215569","0.000158","0.098014","0.052159","0.322093"
"53","0.000000","0.000000","0.000000","0.000000","0.000000","0.000000","0.000000","0.000000","1.000000"
"54","0.000000","0.000000","0.000000","0.000000","0.000000","0.000000","0.000000","0.000000","1.000000"
"55","0.000000","0.000000","0.000000","0.000000","0.000000","0.000000","0.000000","0.000000","1.000000"
"56","-nan","-nan","-nan","-nan","-nan","-nan","-nan","-nan","-nan"
EOF

set title "Terrain Column Distribution (empirical) (mmmm) [2000]"
set key outside right
set grid
set xlabel "Map Column (X)"
set ylabel "Value"
set key autotitle columnhead
set xrange [1:56]
set yrange [0:0.4]
plot for [col=2:*] $CSVData using 1:col with lines lw 2
