#!/usr/bin/env -S gnuplot -p
set datafile separator comma

$CSVData << EOF
"y","savannah","grassland","tundra","plains","prairie","desert","swamp","marsh","arctic"
"4","0.000000","0.000000","0.069876","0.481886","0.448238","0.000000","0.000000","0.000000","0.000000"
"4","0.000000","0.000000","0.069876","0.481886","0.448238","0.000000","0.000000","0.000000","0.000000"
"4","0.000000","0.000000","0.069876","0.481886","0.448238","0.000000","0.000000","0.000000","0.000000"
"4","0.000000","0.000000","0.069876","0.481886","0.448238","0.000000","0.000000","0.000000","0.000000"
"5","0.000000","0.023618","0.101407","0.504824","0.365829","0.000000","0.000000","0.004322","0.000000"
"6","0.000000","0.050852","0.079235","0.434658","0.425276","0.000000","0.000000","0.009979","0.000000"
"7","0.000000","0.062653","0.097666","0.474021","0.353452","0.000000","0.000000","0.012208","0.000000"
"8","0.000000","0.072556","0.114415","0.484477","0.315296","0.000000","0.000000","0.013255","0.000000"
"9","0.000000","0.075720","0.131760","0.481160","0.295480","0.000000","0.000000","0.015880","0.000000"
"10","0.000000","0.082947","0.128341","0.480979","0.291935","0.000000","0.000000","0.015798","0.000000"
"11","0.000000","0.084692","0.138718","0.470216","0.288954","0.000000","0.000000","0.017421","0.000000"
"12","0.000000","0.092109","0.136208","0.459392","0.295216","0.000000","0.000000","0.017074","0.000000"
"13","0.000000","0.112258","0.130594","0.445161","0.285467","0.001732","0.000000","0.024788","0.000000"
"14","0.000000","0.128642","0.123384","0.414596","0.294527","0.004622","0.000000","0.034229","0.000000"
"15","0.000000","0.150611","0.113458","0.395788","0.292226","0.007031","0.000000","0.040885","0.000000"
"16","0.000000","0.168209","0.102887","0.372897","0.298225","0.011095","0.000000","0.046686","0.000000"
"17","0.000000","0.157779","0.092221","0.350688","0.319288","0.038180","0.000000","0.041845","0.000000"
"18","0.000000","0.144531","0.077304","0.329888","0.339708","0.070769","0.000000","0.037799","0.000000"
"19","0.000000","0.147608","0.054874","0.293991","0.360367","0.102755","0.000000","0.040406","0.000000"
"20","0.000000","0.157270","0.033874","0.252425","0.379855","0.132808","0.000000","0.043768","0.000000"
"21","0.000000","0.192008","0.028828","0.222910","0.358633","0.137222","0.000000","0.060399","0.000000"
"22","0.000000","0.220795","0.023460","0.194681","0.342794","0.139802","0.000000","0.078467","0.000000"
"23","0.000000","0.253909","0.019217","0.163070","0.322302","0.145452","0.000000","0.096051","0.000000"
"24","0.000000","0.290514","0.015468","0.138277","0.299018","0.140813","0.000000","0.115910","0.000000"
"25","0.035198","0.284819","0.010375","0.114710","0.271954","0.146288","0.025566","0.111090","0.000000"
"26","0.074316","0.276475","0.007015","0.084951","0.248030","0.148344","0.052310","0.108559","0.000000"
"27","0.116230","0.264345","0.003930","0.057412","0.221246","0.157987","0.074505","0.104345","0.000000"
"28","0.181777","0.251384","0.000000","0.026851","0.181037","0.144205","0.120155","0.094591","0.000000"
"29","0.250308","0.207013","0.000000","0.021064","0.142978","0.143885","0.154449","0.080303","0.000000"
"30","0.303854","0.179756","0.000000","0.015727","0.117335","0.129081","0.185160","0.069087","0.000000"
"31","0.364074","0.140581","0.000000","0.010150","0.090315","0.122479","0.214669","0.057732","0.000000"
"32","0.406606","0.125935","0.000000","0.006567","0.066673","0.111306","0.230154","0.052760","0.000000"
"33","0.430672","0.135520","0.000000","0.005227","0.050020","0.075699","0.245197","0.057665","0.000000"
"34","0.449493","0.146846","0.000000","0.003391","0.033123","0.044811","0.260174","0.062163","0.000000"
"35","0.459373","0.162442","0.000000","0.002370","0.022322","0.020577","0.261375","0.071541","0.000000"
"36","0.456776","0.163361","0.000000","0.002467","0.021470","0.022904","0.262044","0.070978","0.000000"
"37","0.443568","0.151754","0.000000","0.003710","0.034386","0.050518","0.251300","0.064763","0.000000"
"38","0.423013","0.140809","0.000000","0.005605","0.050966","0.085769","0.237788","0.056050","0.000000"
"39","0.387912","0.134403","0.000000","0.007600","0.070306","0.122081","0.222043","0.055656","0.000000"
"40","0.343109","0.153868","0.000000","0.011608","0.093350","0.134446","0.198180","0.065438","0.000000"
"41","0.289037","0.191364","0.000000","0.017382","0.122992","0.141177","0.165821","0.072227","0.000000"
"42","0.217687","0.225223","0.000000","0.022804","0.155842","0.151443","0.138569","0.088433","0.000000"
"43","0.155120","0.268282","0.000000","0.029831","0.185407","0.161901","0.096306","0.103153","0.000000"
"44","0.108685","0.273919","0.003524","0.055627","0.213582","0.153015","0.080361","0.111287","0.000000"
"45","0.071230","0.275950","0.006252","0.084520","0.240499","0.155881","0.053324","0.112344","0.000000"
"46","0.033236","0.286905","0.011438","0.112585","0.268473","0.149057","0.026864","0.111442","0.000000"
"47","0.000000","0.291126","0.014982","0.136109","0.294593","0.147493","0.000000","0.115698","0.000000"
"48","0.000000","0.262221","0.018551","0.162078","0.322626","0.136009","0.000000","0.098516","0.000000"
"49","0.000000","0.221416","0.023595","0.189311","0.338394","0.146827","0.000000","0.080456","0.000000"
"50","0.000000","0.198677","0.029022","0.208502","0.362431","0.137488","0.000000","0.063880","0.000000"
"51","0.000000","0.167139","0.031550","0.242202","0.378345","0.135589","0.000000","0.045175","0.000000"
"52","0.000000","0.158700","0.052845","0.280587","0.360746","0.101666","0.000000","0.045456","0.000000"
"53","0.000000","0.155376","0.073773","0.316084","0.341741","0.071574","0.000000","0.041451","0.000000"
"54","0.000000","0.147037","0.096211","0.357806","0.321512","0.036726","0.000000","0.040707","0.000000"
"55","0.000000","0.157215","0.111530","0.382858","0.294700","0.009931","0.000000","0.043765","0.000000"
"56","0.000000","0.144231","0.124634","0.400685","0.284635","0.007985","0.000000","0.037829","0.000000"
"57","0.000000","0.124537","0.132514","0.425648","0.282026","0.003972","0.000000","0.031303","0.000000"
"58","0.000000","0.104777","0.137556","0.454852","0.278452","0.001874","0.000000","0.022489","0.000000"
"59","0.000000","0.083832","0.146792","0.472338","0.281005","0.000000","0.000000","0.016034","0.000000"
"60","0.000000","0.084386","0.147843","0.473574","0.279406","0.000000","0.000000","0.014791","0.000000"
"61","0.000000","0.077686","0.147119","0.484548","0.276361","0.000000","0.000000","0.014286","0.000000"
"62","0.000000","0.071291","0.141737","0.491656","0.282435","0.000000","0.000000","0.012882","0.000000"
"63","0.000000","0.062434","0.135633","0.492333","0.296917","0.000000","0.000000","0.012682","0.000000"
"64","0.000000","0.055766","0.123275","0.484931","0.325937","0.000000","0.000000","0.010091","0.000000"
"65","0.000000","0.045807","0.106680","0.469921","0.369625","0.000000","0.000000","0.007966","0.000000"
"66","0.000000","0.025545","0.099230","0.459164","0.411384","0.000000","0.000000","0.004677","0.000000"
"66","0.000000","0.025545","0.099230","0.459164","0.411384","0.000000","0.000000","0.004677","0.000000"
"66","0.000000","0.025545","0.099230","0.459164","0.411384","0.000000","0.000000","0.004677","0.000000"
"66","0.000000","0.025545","0.099230","0.459164","0.411384","0.000000","0.000000","0.004677","0.000000"
"66","0.000000","0.025545","0.099230","0.459164","0.411384","0.000000","0.000000","0.004677","0.000000"
EOF

set title "Terrain Row Distribution (empirical) (mmmm) [2000]"
set key outside right
set grid
set xlabel "Map Row (Y)"
set ylabel "Value"
set key autotitle columnhead
set xrange [1:70]
set yrange [0:0.7]
plot for [col=2:*] $CSVData using 1:col with lines lw 2
