#!/usr/bin/env -S gnuplot -p
set datafile separator comma

$CSVData << EOF
"y","savannah","grassland","tundra","plains","prairie","desert","swamp","marsh","arctic"
"4","0.000000","0.000000","0.052763","0.448413","0.498824","0.000000","0.000000","0.000000","0.000000"
"4","0.000000","0.000000","0.052763","0.448413","0.498824","0.000000","0.000000","0.000000","0.000000"
"4","0.000000","0.000000","0.052763","0.448413","0.498824","0.000000","0.000000","0.000000","0.000000"
"4","0.000000","0.000000","0.052763","0.448413","0.498824","0.000000","0.000000","0.000000","0.000000"
"5","0.000000","0.023452","0.065952","0.469405","0.436071","0.000000","0.000000","0.005119","0.000000"
"6","0.000000","0.056438","0.057417","0.407091","0.466186","0.000000","0.000000","0.012868","0.000000"
"7","0.000000","0.075534","0.076396","0.432952","0.401024","0.000000","0.000000","0.014094","0.000000"
"8","0.000000","0.089546","0.085991","0.437014","0.371013","0.000000","0.000000","0.016436","0.000000"
"9","0.000000","0.096645","0.096597","0.450435","0.337778","0.000000","0.000000","0.018545","0.000000"
"10","0.000000","0.109346","0.099215","0.434283","0.336756","0.000000","0.000000","0.020400","0.000000"
"11","0.000000","0.112972","0.101039","0.439249","0.324155","0.000000","0.000000","0.022586","0.000000"
"12","0.000000","0.125815","0.100203","0.430095","0.320434","0.000000","0.000000","0.023453","0.000000"
"13","0.000000","0.145784","0.098028","0.414604","0.307742","0.001110","0.000000","0.032733","0.000000"
"14","0.000000","0.164792","0.094818","0.388055","0.305241","0.003388","0.000000","0.043707","0.000000"
"15","0.000000","0.185188","0.088747","0.373421","0.295289","0.006213","0.000000","0.051142","0.000000"
"16","0.000000","0.197469","0.085372","0.347616","0.301181","0.008868","0.000000","0.059495","0.000000"
"17","0.000000","0.185379","0.073665","0.322738","0.334224","0.034220","0.000000","0.049775","0.000000"
"18","0.000000","0.174624","0.062460","0.305942","0.349048","0.059581","0.000000","0.048345","0.000000"
"19","0.000000","0.178013","0.045201","0.265505","0.377671","0.083347","0.000000","0.050263","0.000000"
"20","0.000000","0.193507","0.029663","0.220448","0.386814","0.114447","0.000000","0.055122","0.000000"
"21","0.000000","0.218791","0.024381","0.193648","0.369692","0.120865","0.000000","0.072623","0.000000"
"22","0.000000","0.248854","0.022329","0.162925","0.347103","0.124726","0.000000","0.094063","0.000000"
"23","0.000000","0.280929","0.016728","0.145003","0.318508","0.127720","0.000000","0.111111","0.000000"
"24","0.000000","0.308772","0.012114","0.124660","0.299416","0.122781","0.000000","0.132257","0.000000"
"25","0.033246","0.295935","0.011486","0.099899","0.270981","0.130718","0.028271","0.129464","0.000000"
"26","0.063451","0.290759","0.006562","0.075961","0.242853","0.141586","0.058652","0.120176","0.000000"
"27","0.102031","0.281518","0.002544","0.053579","0.210667","0.145559","0.081682","0.122421","0.000000"
"28","0.164382","0.256803","0.000000","0.024824","0.172945","0.139846","0.133918","0.107283","0.000000"
"29","0.228005","0.213088","0.000000","0.019862","0.141097","0.137800","0.169572","0.090576","0.000000"
"30","0.287678","0.175040","0.000000","0.013871","0.115080","0.123947","0.204125","0.080259","0.000000"
"31","0.351415","0.142128","0.000000","0.010921","0.090674","0.118533","0.224990","0.061339","0.000000"
"32","0.387683","0.123836","0.000000","0.007259","0.068921","0.109476","0.247160","0.055665","0.000000"
"33","0.411165","0.132672","0.000000","0.005315","0.047557","0.074367","0.267037","0.061887","0.000000"
"34","0.429827","0.141877","0.000000","0.003962","0.034832","0.044991","0.279242","0.065270","0.000000"
"35","0.444292","0.160643","0.000000","0.002750","0.021883","0.019054","0.275949","0.075430","0.000000"
"36","0.439510","0.160821","0.000000","0.003113","0.024157","0.021871","0.272580","0.077948","0.000000"
"37","0.431242","0.144467","0.000000","0.003927","0.035420","0.049438","0.266866","0.068641","0.000000"
"38","0.403591","0.137027","0.000000","0.005567","0.051360","0.082608","0.260409","0.059437","0.000000"
"39","0.372321","0.132851","0.000000","0.007905","0.073544","0.113973","0.240728","0.058678","0.000000"
"40","0.328895","0.152216","0.000000","0.011779","0.097380","0.131534","0.210557","0.067638","0.000000"
"41","0.276349","0.191291","0.000000","0.016558","0.120721","0.137000","0.176803","0.081277","0.000000"
"42","0.211371","0.229153","0.000000","0.019637","0.148226","0.140887","0.149395","0.101331","0.000000"
"43","0.144658","0.276509","0.000000","0.027345","0.177520","0.151303","0.106238","0.116427","0.000000"
"44","0.103884","0.285801","0.003267","0.049603","0.207323","0.142961","0.084809","0.122354","0.000000"
"45","0.073082","0.286841","0.006768","0.073322","0.235384","0.147605","0.055222","0.121776","0.000000"
"46","0.032361","0.302020","0.010177","0.098871","0.262264","0.139938","0.027590","0.126779","0.000000"
"47","0.000000","0.312782","0.014127","0.115607","0.290554","0.133206","0.000000","0.133724","0.000000"
"48","0.000000","0.278919","0.015908","0.147414","0.316447","0.128491","0.000000","0.112821","0.000000"
"49","0.000000","0.250131","0.020875","0.162595","0.345581","0.126337","0.000000","0.094481","0.000000"
"50","0.000000","0.224443","0.025113","0.189680","0.365229","0.119348","0.000000","0.076187","0.000000"
"51","0.000000","0.192542","0.031835","0.212661","0.388276","0.119379","0.000000","0.055306","0.000000"
"52","0.000000","0.192601","0.047501","0.247607","0.371451","0.086890","0.000000","0.053951","0.000000"
"53","0.000000","0.182212","0.060063","0.297242","0.347112","0.061438","0.000000","0.051933","0.000000"
"54","0.000000","0.175987","0.078429","0.338950","0.322792","0.034839","0.000000","0.049003","0.000000"
"55","0.000000","0.189962","0.091364","0.355120","0.299888","0.008558","0.000000","0.055108","0.000000"
"56","0.000000","0.174424","0.099511","0.373116","0.297085","0.007413","0.000000","0.048451","0.000000"
"57","0.000000","0.153443","0.104573","0.393227","0.304455","0.003605","0.000000","0.040697","0.000000"
"58","0.000000","0.133297","0.104099","0.423612","0.305042","0.001825","0.000000","0.032125","0.000000"
"59","0.000000","0.112231","0.108473","0.452810","0.306201","0.000000","0.000000","0.020285","0.000000"
"60","0.000000","0.109405","0.108064","0.446141","0.315712","0.000000","0.000000","0.020678","0.000000"
"61","0.000000","0.100333","0.106024","0.454457","0.320827","0.000000","0.000000","0.018360","0.000000"
"62","0.000000","0.092556","0.104847","0.454461","0.331547","0.000000","0.000000","0.016589","0.000000"
"63","0.000000","0.080536","0.098982","0.461934","0.344114","0.000000","0.000000","0.014434","0.000000"
"64","0.000000","0.071625","0.077243","0.452601","0.385297","0.000000","0.000000","0.013234","0.000000"
"65","0.000000","0.052615","0.068050","0.426857","0.442729","0.000000","0.000000","0.009748","0.000000"
"66","0.000000","0.029876","0.064980","0.439175","0.460835","0.000000","0.000000","0.005135","0.000000"
"66","0.000000","0.029876","0.064980","0.439175","0.460835","0.000000","0.000000","0.005135","0.000000"
"66","0.000000","0.029876","0.064980","0.439175","0.460835","0.000000","0.000000","0.005135","0.000000"
"66","0.000000","0.029876","0.064980","0.439175","0.460835","0.000000","0.000000","0.005135","0.000000"
"66","0.000000","0.029876","0.064980","0.439175","0.460835","0.000000","0.000000","0.005135","0.000000"
EOF

set title "Terrain Row Distribution (empirical) (mtmm) [2000]"
set key outside right
set grid
set xlabel "Map Row (Y)"
set ylabel "Value"
set key autotitle columnhead
set xrange [1:70]
set yrange [0:0.7]
plot for [col=2:*] $CSVData using 1:col with lines lw 2
