#!/usr/bin/env -S gnuplot -p
set datafile separator comma

$CSVData << EOF
"x","savannah","grassland","tundra","plains","prairie","desert","swamp","marsh","arctic"
"1","-nan","-nan","-nan","-nan","-nan","-nan","-nan","-nan","-nan"
"2","0.000000","0.000000","0.000000","0.000000","0.000000","0.000000","0.000000","0.000000","1.000000"
"3","0.000000","0.000000","0.000000","0.000000","0.000000","0.000000","0.000000","0.000000","1.000000"
"4","0.064081","0.146445","0.005171","0.097692","0.163620","0.055217","0.046353","0.052262","0.369160"
"5","0.079968","0.180187","0.010415","0.122555","0.199051","0.061683","0.051036","0.060757","0.234348"
"6","0.087470","0.178633","0.020103","0.144744","0.217527","0.070731","0.053336","0.060556","0.166899"
"7","0.089471","0.185504","0.028535","0.153688","0.225699","0.071366","0.055487","0.070780","0.119470"
"8","0.087894","0.188967","0.030898","0.158157","0.244087","0.069914","0.058087","0.072401","0.089596"
"9","0.088172","0.186428","0.033840","0.171339","0.245330","0.068768","0.061187","0.070001","0.074934"
"10","0.086713","0.181119","0.039282","0.175936","0.249283","0.065817","0.064383","0.069109","0.068360"
"11","0.087585","0.183885","0.042299","0.183946","0.244012","0.068721","0.059639","0.066252","0.063662"
"12","0.092715","0.176486","0.042510","0.190627","0.242574","0.067975","0.060774","0.063300","0.063039"
"13","0.091425","0.172877","0.045223","0.193464","0.244665","0.068184","0.061425","0.062598","0.060140"
"14","0.093977","0.171933","0.046851","0.189794","0.244394","0.067680","0.064630","0.062486","0.058255"
"15","0.092578","0.172504","0.046642","0.196313","0.243498","0.068252","0.062144","0.060759","0.057311"
"16","0.092477","0.167839","0.046360","0.202825","0.243551","0.066252","0.062559","0.061265","0.056872"
"17","0.092276","0.162548","0.047143","0.202723","0.247159","0.067914","0.064081","0.058935","0.057220"
"18","0.091974","0.166258","0.046027","0.207562","0.242622","0.069241","0.059128","0.059928","0.057260"
"19","0.093503","0.157760","0.048232","0.209297","0.246027","0.067800","0.062935","0.058096","0.056350"
"20","0.092895","0.158653","0.050554","0.213407","0.244265","0.066555","0.059804","0.057199","0.056667"
"21","0.092590","0.160026","0.050675","0.211357","0.245770","0.067803","0.058046","0.056682","0.057049"
"22","0.092105","0.163028","0.048833","0.210978","0.246842","0.065674","0.060840","0.055850","0.055850"
"23","0.092173","0.160930","0.049150","0.214174","0.245046","0.067663","0.057676","0.058146","0.055043"
"24","0.095482","0.159923","0.050542","0.211537","0.244464","0.068706","0.058630","0.055148","0.055567"
"25","0.093746","0.159896","0.050273","0.211844","0.244618","0.068112","0.058931","0.056839","0.055740"
"26","0.095224","0.160817","0.052729","0.213624","0.240444","0.068222","0.059916","0.051739","0.057286"
"27","0.098089","0.158010","0.052408","0.210916","0.243429","0.067094","0.058063","0.055497","0.056492"
"28","0.097489","0.158569","0.051627","0.215260","0.239125","0.067962","0.060015","0.055263","0.054691"
"29","0.095191","0.160984","0.050151","0.214955","0.241334","0.067961","0.058049","0.055391","0.055984"
"30","0.094121","0.158047","0.053654","0.215701","0.240941","0.066636","0.059951","0.055564","0.055384"
"31","0.098131","0.160202","0.051480","0.214071","0.238266","0.066433","0.058775","0.056049","0.056594"
"32","0.099140","0.159570","0.051596","0.210283","0.240056","0.069523","0.059910","0.055416","0.054506"
"33","0.097825","0.159598","0.051573","0.212313","0.243148","0.066004","0.059930","0.056037","0.053571"
"34","0.096210","0.163720","0.049907","0.207819","0.243208","0.067588","0.057995","0.056725","0.056829"
"35","0.095445","0.163902","0.050158","0.207978","0.241917","0.067325","0.062243","0.055714","0.055319"
"36","0.092607","0.162894","0.049420","0.207480","0.246203","0.068253","0.061095","0.056631","0.055416"
"37","0.096777","0.164005","0.048787","0.208009","0.242952","0.066006","0.058858","0.056280","0.058326"
"38","0.092347","0.163018","0.050718","0.209084","0.243156","0.067095","0.060265","0.058328","0.055989"
"39","0.092138","0.162731","0.047303","0.208264","0.246525","0.067454","0.060021","0.055997","0.059565"
"40","0.093844","0.163977","0.047909","0.206802","0.247925","0.064239","0.057561","0.058264","0.059480"
"41","0.093268","0.164448","0.046620","0.208107","0.244648","0.063220","0.060639","0.060068","0.058982"
"42","0.092269","0.169632","0.046588","0.207242","0.242601","0.062922","0.060808","0.058667","0.059271"
"43","0.090502","0.170786","0.045016","0.204121","0.245740","0.063658","0.060261","0.060123","0.059792"
"44","0.089876","0.171194","0.044868","0.202705","0.248583","0.061704","0.058589","0.061199","0.061283"
"45","0.088183","0.166885","0.045139","0.203385","0.250414","0.058954","0.063665","0.061251","0.062124"
"46","0.085747","0.171312","0.041776","0.203726","0.251723","0.054980","0.062176","0.064707","0.063853"
"47","0.085093","0.172387","0.037867","0.205360","0.251962","0.050248","0.065913","0.064567","0.066603"
"48","0.080437","0.169473","0.034906","0.200152","0.252981","0.047481","0.067283","0.069307","0.077979"
"49","0.071487","0.171191","0.029804","0.193748","0.263390","0.038252","0.071830","0.070672","0.089626"
"50","0.065020","0.168140","0.018786","0.190437","0.264880","0.027623","0.072979","0.069117","0.123017"
"51","0.043172","0.163018","0.011431","0.178669","0.258155","0.012925","0.090390","0.067528","0.174712"
"52","0.012850","0.104663","0.003523","0.140518","0.192746","0.000000","0.073368","0.047254","0.425078"
"53","0.000000","0.000000","0.000000","0.000000","0.000000","0.000000","0.000000","0.000000","1.000000"
"54","0.000000","0.000000","0.000000","0.000000","0.000000","0.000000","0.000000","0.000000","1.000000"
"55","0.000000","0.000000","0.000000","0.000000","0.000000","0.000000","0.000000","0.000000","1.000000"
"56","-nan","-nan","-nan","-nan","-nan","-nan","-nan","-nan","-nan"
EOF

set title "Terrain Column Distribution (empirical) (mtmm) [2000]"
set key outside right
set grid
set xlabel "Map Column (X)"
set ylabel "Value"
set key autotitle columnhead
set xrange [1:56]
set yrange [0:0.4]
plot for [col=2:*] $CSVData using 1:col with lines lw 2
