#!/usr/bin/env -S gnuplot -p
set datafile separator comma

$CSVData << EOF
"x","savannah","grassland","tundra","plains","prairie","desert","swamp","marsh","arctic"
"1","-nan","-nan","-nan","-nan","-nan","-nan","-nan","-nan","-nan"
"2","0.000000","0.000000","0.000000","0.000000","0.000000","0.000000","0.000000","0.000000","1.000000"
"3","0.044248","0.093510","0.003540","0.063127","0.104130","0.038348","0.032448","0.034218","0.586431"
"4","0.089370","0.165841","0.014281","0.118623","0.179201","0.062651","0.063457","0.062997","0.243579"
"5","0.101117","0.168206","0.025838","0.143485","0.201266","0.069993","0.067386","0.070886","0.151824"
"6","0.103259","0.177137","0.036165","0.154113","0.207639","0.077991","0.065812","0.067949","0.109936"
"7","0.109591","0.181266","0.040621","0.164053","0.212790","0.074302","0.063598","0.069126","0.084653"
"8","0.110334","0.178139","0.043226","0.171056","0.224240","0.073950","0.066745","0.067290","0.065020"
"9","0.109699","0.178035","0.047156","0.179566","0.221542","0.071372","0.068336","0.067289","0.057006"
"10","0.111981","0.171141","0.051104","0.184438","0.221719","0.073281","0.065454","0.069665","0.051219"
"11","0.111902","0.170054","0.052681","0.188776","0.221966","0.074694","0.065632","0.068646","0.045650"
"12","0.114211","0.169225","0.055968","0.191584","0.220787","0.071951","0.065371","0.065615","0.045287"
"13","0.115897","0.166983","0.058281","0.193298","0.221197","0.072553","0.065769","0.062895","0.043129"
"14","0.113524","0.164695","0.058473","0.198163","0.223682","0.071822","0.065852","0.061155","0.042633"
"15","0.115112","0.163591","0.058981","0.200143","0.218109","0.073272","0.066127","0.061869","0.042797"
"16","0.116695","0.158944","0.059676","0.204630","0.217598","0.073592","0.064878","0.062128","0.041859"
"17","0.117615","0.160481","0.059729","0.205061","0.221205","0.070768","0.065165","0.058734","0.041244"
"18","0.117028","0.156215","0.059832","0.209301","0.221448","0.071592","0.064219","0.059371","0.040994"
"19","0.116523","0.158116","0.061820","0.207120","0.220120","0.070554","0.064320","0.059466","0.041961"
"20","0.117688","0.157297","0.062463","0.208499","0.219834","0.071741","0.063896","0.057429","0.041152"
"21","0.117616","0.156846","0.062888","0.209073","0.219806","0.073311","0.062359","0.056736","0.041365"
"22","0.115617","0.156464","0.064796","0.207797","0.220840","0.073619","0.062239","0.058128","0.040500"
"23","0.117550","0.152111","0.064359","0.210138","0.222528","0.073008","0.061677","0.057936","0.040692"
"24","0.116073","0.154637","0.064971","0.210272","0.220226","0.074398","0.063460","0.054997","0.040966"
"25","0.117969","0.152530","0.066606","0.210917","0.217670","0.072436","0.063945","0.058314","0.039613"
"26","0.118690","0.154485","0.066779","0.209109","0.217339","0.074593","0.063360","0.055565","0.040082"
"27","0.117222","0.152899","0.065167","0.211681","0.218859","0.074619","0.062786","0.056041","0.040727"
"28","0.117707","0.153279","0.065021","0.212159","0.219678","0.074437","0.060509","0.056267","0.040942"
"29","0.116516","0.153817","0.065945","0.212441","0.221436","0.072126","0.060832","0.056664","0.040222"
"30","0.116088","0.150767","0.065683","0.213294","0.220592","0.073806","0.063083","0.054745","0.041942"
"31","0.116720","0.149732","0.065519","0.212956","0.221869","0.072932","0.062392","0.057420","0.040461"
"32","0.117368","0.148503","0.064829","0.212951","0.220141","0.075885","0.061398","0.056841","0.042082"
"33","0.115074","0.149267","0.064534","0.214257","0.222230","0.074788","0.062984","0.056287","0.040578"
"34","0.115351","0.155533","0.063519","0.213090","0.218669","0.073582","0.063118","0.056153","0.040985"
"35","0.119048","0.153180","0.063060","0.213381","0.220123","0.073539","0.060330","0.055933","0.041405"
"36","0.117632","0.153960","0.063368","0.214440","0.223453","0.070901","0.060626","0.056256","0.039363"
"37","0.117983","0.154726","0.063744","0.212680","0.222857","0.070754","0.061650","0.055004","0.040602"
"38","0.118838","0.155403","0.063191","0.213389","0.220281","0.070646","0.061305","0.055936","0.041009"
"39","0.118289","0.155295","0.062861","0.212192","0.221711","0.071401","0.062771","0.054884","0.040596"
"40","0.118408","0.157321","0.060701","0.212126","0.220053","0.069227","0.062497","0.058360","0.041308"
"41","0.115595","0.152824","0.061440","0.212474","0.226095","0.068488","0.063996","0.059103","0.039986"
"42","0.117153","0.158028","0.058116","0.209991","0.227067","0.065539","0.064176","0.058392","0.041538"
"43","0.115734","0.159299","0.058262","0.207074","0.228556","0.064934","0.063881","0.060780","0.041479"
"44","0.115929","0.161984","0.054669","0.203721","0.231400","0.061584","0.065042","0.062081","0.043590"
"45","0.111325","0.163498","0.051918","0.204781","0.233620","0.059525","0.066602","0.064990","0.043740"
"46","0.109428","0.166051","0.049068","0.200947","0.238846","0.055908","0.067650","0.066690","0.045413"
"47","0.106300","0.167230","0.045152","0.203850","0.237523","0.052965","0.073587","0.065295","0.048098"
"48","0.099971","0.170146","0.040815","0.194529","0.245324","0.047605","0.077715","0.071650","0.052245"
"49","0.094344","0.170623","0.034877","0.190369","0.253483","0.041744","0.080667","0.073800","0.060094"
"50","0.083814","0.175514","0.027826","0.186228","0.252372","0.028831","0.092891","0.075890","0.076634"
"51","0.064612","0.176298","0.019352","0.178377","0.251679","0.017699","0.105608","0.076341","0.110033"
"52","0.043710","0.148401","0.009062","0.161940","0.232623","0.006503","0.107249","0.075373","0.215139"
"53","0.016105","0.071279","0.002684","0.086788","0.121384","0.000298","0.055473","0.033105","0.612884"
"54","0.000000","0.000000","0.000000","0.000000","0.000000","0.000000","0.000000","0.000000","1.000000"
"55","0.000000","0.000000","0.000000","0.000000","0.000000","0.000000","0.000000","0.000000","1.000000"
"56","-nan","-nan","-nan","-nan","-nan","-nan","-nan","-nan","-nan"
EOF

set title "Terrain Column Distribution (empirical) (new) [2000]"
set key outside right
set grid
set xlabel "Map Column (X)"
set ylabel "Value"
set key autotitle columnhead
set xrange [1:56]
set yrange [0:0.4]
plot for [col=2:*] $CSVData using 1:col with lines lw 2
