#!/usr/bin/env -S gnuplot -p
set datafile separator comma

$CSVData << EOF
"x","savannah","grassland","tundra","plains","prairie","desert","swamp","marsh","arctic"
"1","-nan","-nan","-nan","-nan","-nan","-nan","-nan","-nan","-nan"
"2","0.000000","0.000000","0.000000","0.000000","0.000000","0.000000","0.000000","0.000000","1.000000"
"3","0.000000","0.000000","0.000000","0.000000","0.000000","0.000000","0.000000","0.000000","1.000000"
"4","0.070074","0.141636","0.003903","0.096468","0.170632","0.047584","0.043866","0.052788","0.373048"
"5","0.077219","0.173532","0.009607","0.118530","0.201633","0.061487","0.049478","0.063168","0.245346"
"6","0.084095","0.179789","0.021178","0.137258","0.212478","0.072144","0.052197","0.065114","0.175747"
"7","0.090021","0.181789","0.031582","0.155579","0.224631","0.066658","0.053974","0.061869","0.133899"
"8","0.086492","0.182790","0.033315","0.163077","0.242275","0.068355","0.056528","0.066286","0.100882"
"9","0.083897","0.180677","0.035651","0.170872","0.243610","0.065969","0.062605","0.071179","0.085538"
"10","0.085011","0.180675","0.038635","0.177026","0.246332","0.067389","0.061159","0.066468","0.077306"
"11","0.086928","0.175297","0.042727","0.187401","0.247514","0.062547","0.063370","0.062136","0.072080"
"12","0.087054","0.169611","0.042729","0.195066","0.243791","0.067890","0.060231","0.064077","0.069552"
"13","0.091012","0.169372","0.044109","0.194236","0.244027","0.070040","0.059618","0.061219","0.066367"
"14","0.093277","0.169473","0.044428","0.196881","0.243398","0.068110","0.058904","0.059449","0.066081"
"15","0.092793","0.168083","0.045502","0.194591","0.242091","0.071235","0.060799","0.061305","0.063601"
"16","0.089585","0.166945","0.047849","0.200608","0.242900","0.069463","0.060308","0.060864","0.061478"
"17","0.091606","0.167218","0.046151","0.201556","0.240915","0.068762","0.061941","0.060171","0.061680"
"18","0.096422","0.164368","0.047432","0.203001","0.242845","0.065897","0.059636","0.057559","0.062839"
"19","0.090834","0.163427","0.045959","0.201222","0.245525","0.070509","0.060489","0.059576","0.062459"
"20","0.092734","0.166132","0.047503","0.205287","0.241205","0.069735","0.059400","0.057668","0.060337"
"21","0.096009","0.162838","0.045487","0.206036","0.244486","0.070262","0.059019","0.055757","0.060106"
"22","0.094804","0.162803","0.047045","0.202741","0.244876","0.067970","0.059435","0.058521","0.061804"
"23","0.092074","0.161789","0.047356","0.204386","0.247384","0.069686","0.059682","0.056987","0.060656"
"24","0.093870","0.162755","0.048251","0.203165","0.247582","0.067741","0.059127","0.055950","0.061559"
"25","0.092423","0.162288","0.049150","0.205993","0.240017","0.070556","0.060012","0.057908","0.061654"
"26","0.093355","0.160618","0.049408","0.208755","0.242387","0.070587","0.058567","0.055215","0.061110"
"27","0.093268","0.161447","0.049691","0.207320","0.239472","0.071767","0.059136","0.057586","0.060313"
"28","0.093471","0.165407","0.047891","0.207821","0.242163","0.066830","0.057988","0.055421","0.063008"
"29","0.093377","0.160788","0.048081","0.207089","0.245290","0.069106","0.057818","0.057445","0.061006"
"30","0.093223","0.163241","0.046697","0.207943","0.244177","0.068193","0.057873","0.058471","0.060182"
"31","0.094089","0.161106","0.046498","0.211225","0.240710","0.067650","0.060609","0.057390","0.060724"
"32","0.094489","0.164261","0.047158","0.208539","0.240659","0.069513","0.059171","0.055167","0.061043"
"33","0.095472","0.162191","0.047722","0.207150","0.245632","0.065193","0.056472","0.056990","0.063178"
"34","0.096352","0.160339","0.045591","0.206244","0.248836","0.068872","0.057903","0.054075","0.061788"
"35","0.092158","0.166524","0.048378","0.202536","0.244859","0.067541","0.059573","0.057374","0.061058"
"36","0.094612","0.164972","0.047220","0.207907","0.239045","0.067846","0.060675","0.057247","0.060475"
"37","0.096727","0.161925","0.046183","0.208735","0.242574","0.066708","0.057757","0.058470","0.060921"
"38","0.093507","0.162263","0.047206","0.207431","0.240761","0.069323","0.060771","0.058562","0.060176"
"39","0.095011","0.164269","0.046219","0.202742","0.246982","0.066148","0.060551","0.057866","0.060212"
"40","0.093548","0.165625","0.043621","0.209474","0.245371","0.064921","0.061456","0.055578","0.060406"
"41","0.093566","0.164097","0.044616","0.211913","0.244721","0.063085","0.060060","0.056861","0.061078"
"42","0.094105","0.163194","0.043748","0.207149","0.248674","0.063636","0.060346","0.054714","0.064436"
"43","0.092795","0.161847","0.044462","0.209636","0.244329","0.060583","0.061974","0.060099","0.064273"
"44","0.092009","0.165510","0.044144","0.207091","0.248515","0.057838","0.059807","0.059120","0.065966"
"45","0.090841","0.167066","0.042753","0.207749","0.246103","0.057176","0.059602","0.060410","0.068301"
"46","0.089738","0.171072","0.043243","0.201471","0.244510","0.055849","0.060289","0.063102","0.070727"
"47","0.083859","0.168872","0.040704","0.202149","0.250820","0.052781","0.063489","0.061182","0.076144"
"48","0.081925","0.171173","0.037743","0.198133","0.254909","0.047763","0.062128","0.065548","0.080678"
"49","0.072409","0.168969","0.029978","0.197914","0.255850","0.042430","0.071516","0.065548","0.095386"
"50","0.060194","0.169149","0.020703","0.191397","0.259316","0.027007","0.073852","0.072245","0.126136"
"51","0.039640","0.160609","0.010689","0.168894","0.263941","0.014342","0.088723","0.071441","0.181721"
"52","0.016765","0.107749","0.002658","0.139440","0.193212","0.000000","0.079534","0.055817","0.404825"
"53","0.000000","0.000000","0.000000","0.000000","0.000000","0.000000","0.000000","0.000000","1.000000"
"54","0.000000","0.000000","0.000000","0.000000","0.000000","0.000000","0.000000","0.000000","1.000000"
"55","0.000000","0.000000","0.000000","0.000000","0.000000","0.000000","0.000000","0.000000","1.000000"
"56","-nan","-nan","-nan","-nan","-nan","-nan","-nan","-nan","-nan"
EOF

set title "Terrain Column Distribution (empirical) (tmmm) [2000]"
set key outside right
set grid
set xlabel "Map Column (X)"
set ylabel "Value"
set key autotitle columnhead
set xrange [1:56]
set yrange [0:0.4]
plot for [col=2:*] $CSVData using 1:col with lines lw 2
