#!/usr/bin/env -S gnuplot -p
set datafile separator comma

$CSVData << EOF
"y","savannah","grassland","tundra","plains","prairie","desert","swamp","marsh","arctic"
"4","0.000000","0.000000","0.040347","0.433095","0.526558","0.000000","0.000000","0.000000","0.000000"
"4","0.000000","0.000000","0.040347","0.433095","0.526558","0.000000","0.000000","0.000000","0.000000"
"4","0.000000","0.000000","0.040347","0.433095","0.526558","0.000000","0.000000","0.000000","0.000000"
"4","0.000000","0.000000","0.040347","0.433095","0.526558","0.000000","0.000000","0.000000","0.000000"
"5","0.000000","0.028492","0.063071","0.464177","0.437621","0.000000","0.000000","0.006639","0.000000"
"6","0.000000","0.064934","0.056547","0.393673","0.473802","0.000000","0.000000","0.011044","0.000000"
"7","0.000000","0.081918","0.066639","0.426233","0.410818","0.000000","0.000000","0.014392","0.000000"
"8","0.000000","0.088681","0.076671","0.449290","0.368737","0.000000","0.000000","0.016620","0.000000"
"9","0.000000","0.098229","0.086663","0.453428","0.343186","0.000000","0.000000","0.018495","0.000000"
"10","0.000000","0.112354","0.090713","0.446791","0.328343","0.000000","0.000000","0.021799","0.000000"
"11","0.000000","0.120581","0.099026","0.433233","0.324220","0.000000","0.000000","0.022940","0.000000"
"12","0.000000","0.124576","0.098390","0.434033","0.320256","0.000000","0.000000","0.022746","0.000000"
"13","0.000000","0.138918","0.098371","0.411602","0.314917","0.001358","0.000000","0.034835","0.000000"
"14","0.000000","0.163539","0.092355","0.393825","0.302163","0.002958","0.000000","0.045160","0.000000"
"15","0.000000","0.185611","0.087079","0.367910","0.301118","0.005888","0.000000","0.052394","0.000000"
"16","0.000000","0.207063","0.078519","0.338374","0.307345","0.008207","0.000000","0.060491","0.000000"
"17","0.000000","0.190941","0.070961","0.325595","0.327549","0.033164","0.000000","0.051790","0.000000"
"18","0.000000","0.174111","0.063990","0.298945","0.357352","0.060268","0.000000","0.045334","0.000000"
"19","0.000000","0.177025","0.045202","0.261312","0.375264","0.090845","0.000000","0.050352","0.000000"
"20","0.000000","0.186881","0.032296","0.220399","0.396369","0.110636","0.000000","0.053419","0.000000"
"21","0.000000","0.212569","0.023731","0.197671","0.374907","0.117776","0.000000","0.073347","0.000000"
"22","0.000000","0.248212","0.020140","0.170769","0.347155","0.119477","0.000000","0.094248","0.000000"
"23","0.000000","0.277722","0.018256","0.146176","0.323230","0.126960","0.000000","0.107656","0.000000"
"24","0.000000","0.310492","0.012550","0.116901","0.303196","0.129712","0.000000","0.127150","0.000000"
"25","0.032491","0.297956","0.010288","0.098571","0.268191","0.137745","0.029369","0.125390","0.000000"
"26","0.063879","0.295387","0.006520","0.073043","0.240363","0.137715","0.056390","0.126702","0.000000"
"27","0.104236","0.282938","0.002694","0.050704","0.206395","0.146946","0.085641","0.120445","0.000000"
"28","0.167446","0.258646","0.000000","0.024391","0.167891","0.142832","0.126408","0.112387","0.000000"
"29","0.233037","0.216496","0.000000","0.018364","0.142908","0.134949","0.164473","0.089773","0.000000"
"30","0.296033","0.177107","0.000000","0.016036","0.112034","0.120604","0.202642","0.075543","0.000000"
"31","0.353845","0.143176","0.000000","0.011037","0.088253","0.120708","0.222232","0.060748","0.000000"
"32","0.392682","0.123245","0.000000","0.006801","0.064277","0.106046","0.248157","0.058793","0.000000"
"33","0.417512","0.131804","0.000000","0.005228","0.046791","0.070515","0.267958","0.060191","0.000000"
"34","0.429270","0.145776","0.000000","0.003874","0.034298","0.044600","0.276141","0.066041","0.000000"
"35","0.438496","0.156770","0.000000","0.002522","0.021681","0.020221","0.284690","0.075619","0.000000"
"36","0.438895","0.160019","0.000000","0.002206","0.022765","0.022412","0.275567","0.078135","0.000000"
"37","0.428084","0.147240","0.000000","0.003584","0.037367","0.050653","0.267995","0.065076","0.000000"
"38","0.406284","0.133426","0.000000","0.006919","0.053701","0.080856","0.255059","0.063754","0.000000"
"39","0.366429","0.130656","0.000000","0.007658","0.073138","0.115472","0.242952","0.063696","0.000000"
"40","0.335739","0.156783","0.000000","0.012391","0.092826","0.125783","0.208000","0.068478","0.000000"
"41","0.271705","0.192512","0.000000","0.015385","0.118680","0.141736","0.176212","0.083769","0.000000"
"42","0.211628","0.230759","0.000000","0.021281","0.148618","0.142124","0.148749","0.096841","0.000000"
"43","0.148613","0.274783","0.000000","0.027868","0.178625","0.154344","0.105302","0.110465","0.000000"
"44","0.101921","0.279975","0.003245","0.050083","0.205508","0.147838","0.088369","0.123059","0.000000"
"45","0.069597","0.287982","0.006279","0.073260","0.236438","0.150532","0.054029","0.121882","0.000000"
"46","0.034570","0.298530","0.009758","0.093777","0.266848","0.140469","0.029888","0.126160","0.000000"
"47","0.000000","0.307200","0.013251","0.118110","0.299382","0.133260","0.000000","0.128799","0.000000"
"48","0.000000","0.280822","0.015022","0.138834","0.318793","0.129856","0.000000","0.116673","0.000000"
"49","0.000000","0.250185","0.020729","0.165225","0.342097","0.124593","0.000000","0.097171","0.000000"
"50","0.000000","0.221802","0.023074","0.189146","0.373179","0.119538","0.000000","0.073261","0.000000"
"51","0.000000","0.190038","0.030903","0.216236","0.391564","0.120899","0.000000","0.050360","0.000000"
"52","0.000000","0.189505","0.049445","0.247398","0.372440","0.087756","0.000000","0.053456","0.000000"
"53","0.000000","0.179039","0.062468","0.293953","0.353151","0.062978","0.000000","0.048412","0.000000"
"54","0.000000","0.177851","0.083015","0.333536","0.319758","0.035596","0.000000","0.050243","0.000000"
"55","0.000000","0.180303","0.093541","0.361001","0.304675","0.008659","0.000000","0.051821","0.000000"
"56","0.000000","0.175319","0.092607","0.377751","0.300009","0.007987","0.000000","0.046326","0.000000"
"57","0.000000","0.149964","0.103056","0.405251","0.297663","0.004131","0.000000","0.039934","0.000000"
"58","0.000000","0.133462","0.103495","0.425418","0.301736","0.001974","0.000000","0.033915","0.000000"
"59","0.000000","0.109806","0.110537","0.445257","0.313060","0.000000","0.000000","0.021340","0.000000"
"60","0.000000","0.105837","0.107801","0.454635","0.311804","0.000000","0.000000","0.019923","0.000000"
"61","0.000000","0.102752","0.106801","0.463407","0.310597","0.000000","0.000000","0.016442","0.000000"
"62","0.000000","0.092497","0.101285","0.460432","0.328212","0.000000","0.000000","0.017575","0.000000"
"63","0.000000","0.081244","0.090522","0.462830","0.350712","0.000000","0.000000","0.014691","0.000000"
"64","0.000000","0.070517","0.073982","0.454590","0.388328","0.000000","0.000000","0.012584","0.000000"
"65","0.000000","0.057865","0.060264","0.424176","0.447393","0.000000","0.000000","0.010303","0.000000"
"66","0.000000","0.028641","0.058124","0.421712","0.486575","0.000000","0.000000","0.004949","0.000000"
"66","0.000000","0.028641","0.058124","0.421712","0.486575","0.000000","0.000000","0.004949","0.000000"
"66","0.000000","0.028641","0.058124","0.421712","0.486575","0.000000","0.000000","0.004949","0.000000"
"66","0.000000","0.028641","0.058124","0.421712","0.486575","0.000000","0.000000","0.004949","0.000000"
"66","0.000000","0.028641","0.058124","0.421712","0.486575","0.000000","0.000000","0.004949","0.000000"
EOF

set title "Terrain Row Distribution (empirical) (tmmm) [2000]"
set key outside right
set grid
set xlabel "Map Row (Y)"
set ylabel "Value"
set key autotitle columnhead
set xrange [1:70]
set yrange [0:0.7]
plot for [col=2:*] $CSVData using 1:col with lines lw 2
